function data()
return {
	times = { 0, 2083.333, 2125, 2166.667, 2208.333, 2250, 2291.667, 2333.333, 2375, 2416.667, 2458.333, 2500, 2541.667, 2583.333, 2625, 2666.667, 2708.333, 2750, 2791.667, 2833.333, 2875, 2916.667, 2958.333, 3000, 3041.667, 3083.333, 3125, 3166.667, 3208.333, 3250, 3291.667, 3333.333, 3375, 3416.667, },
	transfs = {
        { 1, 0, 0, 0, 0, 1, 0, 0, 0, 0, 1, 0, 0, 0, 0, 1, },
		{ 1, 0, 0, 0, 0, 1, 0, 0, 0, 0, 1, 0, 0, 0, 0, 1, },
		{ 0.9999874830246, -0.005006720777601, 0, 0, 0.005006720777601, 0.9999874830246, 0, 0, 0, 0, 1, 0, 0, 0, 0, 1, },
		{ 0.99980783462524, -0.019599607214332, 0, 0, 0.019599607214332, 0.99980783462524, 0, 0, 0, 0, 1, 0, 0, 0, 0, 1, },
		{ 0.99906939268112, -0.043129827827215, 0, 0, 0.043129827827215, 0.99906939268112, 0, 0, 0, 0, 1, 0, 0, 0, 0, 1, },
		{ 0.99718922376633, -0.074924312531948, 0, 0, 0.074924312531948, 0.99718922376633, 0, 0, 0, 0, 1, 0, 0, 0, 0, 1, },
		{ 0.99345016479492, -0.11426579207182, 0, 0, 0.11426579207182, 0.99345016479492, 0, 0, 0, 0, 1, 0, 0, 0, 0, 1, },
		{ 0.9870565533638, -0.1603724360466, 0, 0, 0.1603724360466, 0.9870565533638, 0, 0, 0, 0, 1, 0, 0, 0, 0, 1, },
		{ 0.97718673944473, -0.21238169074059, 0, 0, 0.21238169074059, 0.97718673944473, 0, 0, 0, 0, 1, 0, 0, 0, 0, 1, },
		{ 0.96304512023926, -0.26934003829956, 0, 0, 0.26934003829956, 0.96304512023926, 0, 0, 0, 0, 1, 0, 0, 0, 0, 1, },
		{ 0.94391041994095, -0.33020141720772, 0, 0, 0.33020141720772, 0.94391041994095, 0, 0, 0, 0, 1, 0, 0, 0, 0, 1, },
		{ 0.9191809296608, -0.39383536577225, 0, 0, 0.39383536577225, 0.9191809296608, 0, 0, 0, 0, 1, 0, 0, 0, 0, 1, },
		{ 0.88841354846954, -0.45904394984245, 0, 0, 0.45904394984245, 0.88841354846954, 0, 0, 0, 0, 1, 0, 0, 0, 0, 1, },
		{ 0.85135519504547, -0.52458959817886, 0, 0, 0.52458959817886, 0.85135519504547, 0, 0, 0, 0, 1, 0, 0, 0, 0, 1, },
		{ 0.80796629190445, -0.58922863006592, 0, 0, 0.58922863006592, 0.80796629190445, 0, 0, 0, 0, 1, 0, 0, 0, 0, 1, },
		{ 0.75843214988708, -0.65175199508667, 0, 0, 0.65175199508667, 0.75843214988708, 0, 0, 0, 0, 1, 0, 0, 0, 0, 1, },
		{ 0.70316398143768, -0.71102774143219, 0, 0, 0.71102774143219, 0.70316398143768, 0, 0, 0, 0, 1, 0, 0, 0, 0, 1, },
		{ 0.64278757572174, -0.76604449748993, 0, 0, 0.76604449748993, 0.64278757572174, 0, 0, 0, 0, 1, 0, 0, 0, 0, 1, },
		{ 0.5781227350235, -0.81594979763031, 0, 0, 0.81594979763031, 0.5781227350235, 0, 0, 0, 0, 1, 0, 0, 0, 0, 1, },
		{ 0.5101500749588, -0.86008536815643, 0, 0, 0.86008536815643, 0.5101500749588, 0, 0, 0, 0, 1, 0, 0, 0, 0, 1, },
		{ 0.43997514247894, -0.89800989627838, 0, 0, 0.89800989627838, 0.43997514247894, 0, 0, 0, 0, 1, 0, 0, 0, 0, 1, },
		{ 0.36878368258476, -0.9295152425766, 0, 0, 0.9295152425766, 0.36878368258476, 0, 0, 0, 0, 1, 0, 0, 0, 0, 1, },
		{ 0.29779875278473, -0.95462864637375, 0, 0, 0.95462864637375, 0.29779875278473, 0, 0, 0, 0, 1, 0, 0, 0, 0, 1, },
		{ 0.22823803126812, -0.97360527515411, 0, 0, 0.97360527515411, 0.22823803126812, 0, 0, 0, 0, 1, 0, 0, 0, 0, 1, },
		{ 0.161276653409, -0.98690921068192, 0, 0, 0.98690921068192, 0.161276653409, 0, 0, 0, 0, 1, 0, 0, 0, 0, 1, },
		{ 0.098017275333405, -0.99518465995789, 0, 0, 0.99518465995789, 0.098017275333405, 0, 0, 0, 0, 1, 0, 0, 0, 0, 1, },
		{ 0.039468578994274, -0.99922072887421, 0, 0, 0.99922072887421, 0.039468578994274, 0, 0, 0, 0, 1, 0, 0, 0, 0, 1, },
		{ -0.013464534655213, -0.9999093413353, 0, 0, 0.9999093413353, -0.013464534655213, 0, 0, 0, 0, 1, 0, 0, 0, 0, 1, },
		{ -0.059981107711792, -0.99819952249527, 0, 0, 0.99819952249527, -0.059981107711792, 0, 0, 0, 0, 1, 0, 0, 0, 0, 1, },
		{ -0.099374018609524, -0.99505007266998, 0, 0, 0.99505007266998, -0.099374018609524, 0, 0, 0, 0, 1, 0, 0, 0, 0, 1, },
		{ -0.1310123950243, -0.99138075113297, 0, 0, 0.99138075113297, -0.1310123950243, 0, 0, 0, 0, 1, 0, 0, 0, 0, 1, },
		{ -0.15431283414364, -0.98802202939987, 0, 0, 0.98802202939987, -0.15431283414364, 0, 0, 0, 0, 1, 0, 0, 0, 0, 1, },
		{ -0.1687153428793, -0.98566478490829, 0, 0, 0.98566478490829, -0.1687153428793, 0, 0, 0, 0, 1, 0, 0, 0, 0, 1, },
		{ -0.17364831268787, -0.98480767011642, 0, 0, 0.98480767011642, -0.17364831268787, 0, 0, 0, 0, 1, 0, 0, 0, 0, 1, },
	},
}
end
