function data()
return {
	times = { 0, 2083.333, 2125, 2166.667, 2208.333, 2250, 2291.667, 2333.333, 2375, 2416.667, 2458.333, 2500, 2541.667, 2583.333, 2625, 2666.667, 2708.333, 2750, 2791.667, 2833.333, 2875, 2916.667, 2958.333, 3000, 3041.667, 3083.333, 3125, 3166.667, 3208.333, 3250, 3291.667, 3333.333, },
	transfs = {
		{ 1, 0, 0, 0, 0, 1, 0, 0, 0, 0, 1, 0, 0, 0, 0, 1, },
		{ 1, 0, 0, 0, 0, 1, 0, 0, 0, 0, 1, 0, 0, 0, 0, 1, },
		{ 0.99998384714127, -0.0056884502992034, 0, 0, 0.0056884502992034, 0.99998384714127, 0, 0, 0, 0, 1, 0, 0, 0, 0, 1, },
		{ 0.99975270032883, -0.022234961390495, 0, 0, 0.022234961390495, 0.99975270032883, 0, 0, 0, 0, 1, 0, 0, 0, 0, 1, },
		{ 0.99880611896515, -0.048849772661924, 0, 0, 0.048849772661924, 0.99880611896515, 0, 0, 0, 0, 1, 0, 0, 0, 0, 1, },
		{ 0.99640572071075, -0.084708459675312, 0, 0, 0.084708459675312, 0.99640572071075, 0, 0, 0, 0, 1, 0, 0, 0, 0, 1, },
		{ 0.99165451526642, -0.12892380356789, 0, 0, 0.12892380356789, 0.99165451526642, 0, 0, 0, 0, 1, 0, 0, 0, 0, 1, },
		{ 0.98357146978378, -0.18051913380623, 0, 0, 0.18051913380623, 0.98357146978378, 0, 0, 0, 0, 1, 0, 0, 0, 0, 1, },
		{ 0.97116512060165, -0.23840786516666, 0, 0, 0.23840786516666, 0.97116512060165, 0, 0, 0, 0, 1, 0, 0, 0, 0, 1, },
		{ 0.95350283384323, -0.30138391256332, 0, 0, 0.30138391256332, 0.95350283384323, 0, 0, 0, 0, 1, 0, 0, 0, 0, 1, },
		{ 0.92977648973465, -0.36812451481819, 0, 0, 0.36812451481819, 0.92977648973465, 0, 0, 0, 0, 1, 0, 0, 0, 0, 1, },
		{ 0.89936006069183, -0.43720874190331, 0, 0, 0.43720874190331, 0.89936006069183, 0, 0, 0, 0, 1, 0, 0, 0, 0, 1, },
		{ 0.86185866594315, -0.50714844465256, 0, 0, 0.50714844465256, 0.86185866594315, 0, 0, 0, 0, 1, 0, 0, 0, 0, 1, },
		{ 0.81714487075806, -0.57643234729767, 0, 0, 0.57643234729767, 0.81714487075806, 0, 0, 0, 0, 1, 0, 0, 0, 0, 1, },
		{ 0.76537919044495, -0.64357954263687, 0, 0, 0.64357954263687, 0.76537919044495, 0, 0, 0, 0, 1, 0, 0, 0, 0, 1, },
		{ 0.70701539516449, -0.70719814300537, 0, 0, 0.70719814300537, 0.70701539516449, 0, 0, 0, 0, 1, 0, 0, 0, 0, 1, },
		{ 0.64278757572174, -0.76604449748993, 0, 0, 0.76604449748993, 0.64278757572174, 0, 0, 0, 0, 1, 0, 0, 0, 0, 1, },
		{ 0.57368224859238, -0.81907796859741, 0, 0, 0.81907796859741, 0.57368224859238, 0, 0, 0, 0, 1, 0, 0, 0, 0, 1, },
		{ 0.50089532136917, -0.86550784111023, 0, 0, 0.86550784111023, 0.50089532136917, 0, 0, 0, 0, 1, 0, 0, 0, 0, 1, },
		{ 0.42577934265137, -0.90482699871063, 0, 0, 0.90482699871063, 0.42577934265137, 0, 0, 0, 0, 1, 0, 0, 0, 0, 1, },
		{ 0.34978353977203, -0.93683058023453, 0, 0, 0.93683058023453, 0.34978353977203, 0, 0, 0, 0, 1, 0, 0, 0, 0, 1, },
		{ 0.27439424395561, -0.96161729097366, 0, 0, 0.96161729097366, 0.27439424395561, 0, 0, 0, 0, 1, 0, 0, 0, 0, 1, },
		{ 0.20107801258564, -0.97957521677017, 0, 0, 0.97957521677017, 0.20107801258564, 0, 0, 0, 0, 1, 0, 0, 0, 0, 1, },
		{ 0.13123100996017, -0.9913517832756, 0, 0, 0.9913517832756, 0.13123100996017, 0, 0, 0, 0, 1, 0, 0, 0, 0, 1, },
		{ 0.066144801676273, -0.99780994653702, 0, 0, 0.99780994653702, 0.066144801676273, 0, 0, 0, 0, 1, 0, 0, 0, 0, 1, },
		{ 0.0069810207933187, -0.99997556209564, 0, 0, 0.99997556209564, 0.0069810207933187, 0, 0, 0, 0, 1, 0, 0, 0, 0, 1, },
		{ -0.045233931392431, -0.99897634983063, 0, 0, 0.99897634983063, -0.045233931392431, 0, 0, 0, 0, 1, 0, 0, 0, 0, 1, },
		{ -0.089602760970592, -0.99597758054733, 0, 0, 0.99597758054733, -0.089602760970592, 0, 0, 0, 0, 1, 0, 0, 0, 0, 1, },
		{ -0.12533330917358, -0.99211466312408, 0, 0, 0.99211466312408, -0.12533330917358, 0, 0, 0, 0, 1, 0, 0, 0, 0, 1, },
		{ -0.15170802175999, -0.98842531442642, 0, 0, 0.98842531442642, -0.15170802175999, 0, 0, 0, 0, 1, 0, 0, 0, 0, 1, },
		{ -0.16804355382919, -0.98577952384949, 0, 0, 0.98577952384949, -0.16804355382919, 0, 0, 0, 0, 1, 0, 0, 0, 0, 1, },
		{ -0.17364831268787, -0.98480767011642, 0, 0, 0.98480767011642, -0.17364831268787, 0, 0, 0, 0, 1, 0, 0, 0, 0, 1, },
	},
}
end
