function data()
return {
	times = { 0, 41.667, 83.333, 125, 166.667, 208.333, 250, 291.667, 333.333, 375, 416.667, 458.333, 500, 541.667, 583.333, 625, 666.667, 708.333, 750, 791.667, 833.333, 875, 916.667, 958.333, 1000, 1041.667, 1083.333, 1125, 1166.667, 1208.333, 1250, 1291.667, 1333.333, 1375, 5000, },
	transfs = {
		{ 1, 0, 0, 0, 0, 1, 0, 0, 0, 0, 1, 0, 0, 0, 0, 1, },
		{ 0.99998891353607, -0.0047109196893871, 0, 0, 0.0047109196893871, 0.99998891353607, 0, 0, 0, 0, 1, 0, 0, 0, 0, 1, },
		{ 0.99982970952988, -0.018454169854522, 0, 0, 0.018454169854522, 0.99982970952988, 0, 0, 0, 0, 1, 0, 0, 0, 0, 1, },
		{ 0.99917387962341, -0.040638864040375, 0, 0, 0.040638864040375, 0.99917387962341, 0, 0, 0, 0, 1, 0, 0, 0, 0, 1, },
		{ 0.99750089645386, -0.070653691887856, 0, 0, 0.070653691887856, 0.99750089645386, 0, 0, 0, 0, 1, 0, 0, 0, 0, 1, },
		{ 0.99416720867157, -0.10784996300936, 0, 0, 0.10784996300936, 0.99416720867157, 0, 0, 0, 0, 1, 0, 0, 0, 0, 1, },
		{ 0.9884535074234, -0.15152397751808, 0, 0, 0.15152397751808, 0.9884535074234, 0, 0, 0, 0, 1, 0, 0, 0, 0, 1, },
		{ 0.97961127758026, -0.20090229809284, 0, 0, 0.20090229809284, 0.97961127758026, 0, 0, 0, 0, 1, 0, 0, 0, 0, 1, },
		{ 0.96690607070923, -0.25513231754303, 0, 0, 0.25513231754303, 0.96690607070923, 0, 0, 0, 0, 1, 0, 0, 0, 0, 1, },
		{ 0.94966113567352, -0.31327897310257, 0, 0, 0.31327897310257, 0.94966113567352, 0, 0, 0, 0, 1, 0, 0, 0, 0, 1, },
		{ 0.92729544639587, -0.37433007359505, 0, 0, 0.37433007359505, 0.92729544639587, 0, 0, 0, 0, 1, 0, 0, 0, 0, 1, },
		{ 0.89936006069183, -0.43720874190331, 0, 0, 0.43720874190331, 0.89936006069183, 0, 0, 0, 0, 1, 0, 0, 0, 0, 1, },
		{ 0.86556601524353, -0.50079482793808, 0, 0, 0.50079482793808, 0.86556601524353, 0, 0, 0, 0, 1, 0, 0, 0, 0, 1, },
		{ 0.82580775022507, -0.56395173072815, 0, 0, 0.56395173072815, 0.82580775022507, 0, 0, 0, 0, 1, 0, 0, 0, 0, 1, },
		{ 0.7801758646965, -0.62556022405624, 0, 0, 0.62556022405624, 0.7801758646965, 0, 0, 0, 0, 1, 0, 0, 0, 0, 1, },
		{ 0.72896146774292, -0.68455475568771, 0, 0, 0.68455475568771, 0.72896146774292, 0, 0, 0, 0, 1, 0, 0, 0, 0, 1, },
		{ 0.67265129089355, -0.73995953798294, 0, 0, 0.73995953798294, 0.67265129089355, 0, 0, 0, 0, 1, 0, 0, 0, 0, 1, },
		{ 0.61191308498383, -0.7909249663353, 0, 0, 0.7909249663353, 0.61191308498383, 0, 0, 0, 0, 1, 0, 0, 0, 0, 1, },
		{ 0.54757189750671, -0.83675861358643, 0, 0, 0.83675861358643, 0.54757189750671, 0, 0, 0, 0, 1, 0, 0, 0, 0, 1, },
		{ 0.48058065772057, -0.87695050239563, 0, 0, 0.87695050239563, 0.48058065772057, 0, 0, 0, 0, 1, 0, 0, 0, 0, 1, },
		{ 0.41198390722275, -0.91119110584259, 0, 0, 0.91119110584259, 0.41198390722275, 0, 0, 0, 0, 1, 0, 0, 0, 0, 1, },
		{ 0.34288251399994, -0.93937832117081, 0, 0, 0.93937832117081, 0.34288251399994, 0, 0, 0, 0, 1, 0, 0, 0, 0, 1, },
		{ 0.27439424395561, -0.96161729097366, 0, 0, 0.96161729097366, 0.27439424395561, 0, 0, 0, 0, 1, 0, 0, 0, 0, 1, },
		{ 0.20762003958225, -0.97820955514908, 0, 0, 0.97820955514908, 0.20762003958225, 0, 0, 0, 0, 1, 0, 0, 0, 0, 1, },
		{ 0.14361251890659, -0.98963397741318, 0, 0, 0.98963397741318, 0.14361251890659, 0, 0, 0, 0, 1, 0, 0, 0, 0, 1, },
		{ 0.083354257047176, -0.99651998281479, 0, 0, 0.99651998281479, 0.083354257047176, 0, 0, 0, 0, 1, 0, 0, 0, 0, 1, },
		{ 0.027742184698582, -0.99961513280869, 0, 0, 0.99961513280869, 0.027742184698582, 0, 0, 0, 0, 1, 0, 0, 0, 0, 1, },
		{ -0.022421138361096, -0.99974852800369, 0, 0, 0.99974852800369, -0.022421138361096, 0, 0, 0, 0, 1, 0, 0, 0, 0, 1, },
		{ -0.06642409414053, -0.99779140949249, 0, 0, 0.99779140949249, -0.06642409414053, 0, 0, 0, 0, 1, 0, 0, 0, 0, 1, },
		{ -0.10363386571407, -0.99461543560028, 0, 0, 0.99461543560028, -0.10363386571407, 0, 0, 0, 0, 1, 0, 0, 0, 0, 1, },
		{ -0.13348336517811, -0.99105107784271, 0, 0, 0.99105107784271, -0.13348336517811, 0, 0, 0, 0, 1, 0, 0, 0, 0, 1, },
		{ -0.15544456243515, -0.98784452676773, 0, 0, 0.98784452676773, -0.15544456243515, 0, 0, 0, 0, 1, 0, 0, 0, 0, 1, },
		{ -0.16900722682476, -0.98561477661133, 0, 0, 0.98561477661133, -0.16900722682476, 0, 0, 0, 0, 1, 0, 0, 0, 0, 1, },
		{ -0.17364829778671, -0.98480767011642, 0, 0, 0.98480767011642, -0.17364829778671, 0, 0, 0, 0, 1, 0, 0, 0, 0, 1, },
		{ -0.17364828288555, -0.98480761051178, 0, 0, 0.98480761051178, -0.17364828288555, 0, 0, 0, 0, 1, 0, 0, 0, 0, 1, },
	},
}
end
