function data()
return {
	times = { 0, 41.667, 83.333, 125, 166.667, 208.333, 250, 291.667, 333.333, 375, 416.667, 458.333, 500, 541.667, 583.333, 625, 666.667, 708.333, 750, 791.667, 833.333, 875, 916.667, 958.333, 1000, 1041.667, 1083.333, 1125, 1166.667, 1208.333, 1250, 1291.667, 1333.333, 1375, 1416.667, 1458.333, 5000, },
	transfs = {
		{ 1, 0, 0, 0, 0, 1, 0, 0, 0, 0, 1, 0, 0, 0, 0, 1, },
		{ 0.99999123811722, -0.0041928477585316, 0, 0, 0.0041928477585316, 0.99999123811722, 0, 0, 0, 0, 1, 0, 0, 0, 0, 1, },
		{ 0.999864757061, -0.01644504442811, 0, 0, 0.01644504442811, 0.999864757061, 0, 0, 0, 0, 1, 0, 0, 0, 0, 1, },
		{ 0.9993422627449, -0.036262329667807, 0, 0, 0.036262329667807, 0.9993422627449, 0, 0, 0, 0, 1, 0, 0, 0, 0, 1, },
		{ 0.99800491333008, -0.063135832548141, 0, 0, 0.063135832548141, 0.99800491333008, 0, 0, 0, 0, 1, 0, 0, 0, 0, 1, },
		{ 0.99533003568649, -0.096529521048069, 0, 0, 0.096529521048069, 0.99533003568649, 0, 0, 0, 0, 1, 0, 0, 0, 0, 1, },
		{ 0.99072706699371, -0.13586686551571, 0, 0, 0.13586686551571, 0.99072706699371, 0, 0, 0, 0, 1, 0, 0, 0, 0, 1, },
		{ 0.98357146978378, -0.18051913380623, 0, 0, 0.18051913380623, 0.98357146978378, 0, 0, 0, 0, 1, 0, 0, 0, 0, 1, },
		{ 0.97323852777481, -0.22979718446732, 0, 0, 0.22979718446732, 0.97323852777481, 0, 0, 0, 0, 1, 0, 0, 0, 0, 1, },
		{ 0.9591355919838, -0.28294670581818, 0, 0, 0.28294670581818, 0.9591355919838, 0, 0, 0, 0, 1, 0, 0, 0, 0, 1, },
		{ 0.94073235988617, -0.33914962410927, 0, 0, 0.33914962410927, 0.94073235988617, 0, 0, 0, 0, 1, 0, 0, 0, 0, 1, },
		{ 0.9175888299942, -0.39753076434135, 0, 0, 0.39753076434135, 0.9175888299942, 0, 0, 0, 0, 1, 0, 0, 0, 0, 1, },
		{ 0.8893791437149, -0.45717036724091, 0, 0, 0.45717036724091, 0.8893791437149, 0, 0, 0, 0, 1, 0, 0, 0, 0, 1, },
		{ 0.85591197013855, -0.51712149381638, 0, 0, 0.51712149381638, 0.85591197013855, 0, 0, 0, 0, 1, 0, 0, 0, 0, 1, },
		{ 0.81714487075806, -0.57643234729767, 0, 0, 0.57643234729767, 0.81714487075806, 0, 0, 0, 0, 1, 0, 0, 0, 0, 1, },
		{ 0.77319192886353, -0.63417202234268, 0, 0, 0.63417202234268, 0.77319192886353, 0, 0, 0, 0, 1, 0, 0, 0, 0, 1, },
		{ 0.72432619333267, -0.68945741653442, 0, 0, 0.68945741653442, 0.72432619333267, 0, 0, 0, 0, 1, 0, 0, 0, 0, 1, },
		{ 0.670973777771, -0.74148106575012, 0, 0, 0.74148106575012, 0.670973777771, 0, 0, 0, 0, 1, 0, 0, 0, 0, 1, },
		{ 0.61370271444321, -0.78953719139099, 0, 0, 0.78953719139099, 0.61370271444321, 0, 0, 0, 0, 1, 0, 0, 0, 0, 1, },
		{ 0.55320489406586, -0.83304524421692, 0, 0, 0.83304524421692, 0.55320489406586, 0, 0, 0, 0, 1, 0, 0, 0, 0, 1, },
		{ 0.49027419090271, -0.87156826257706, 0, 0, 0.87156826257706, 0.49027419090271, 0, 0, 0, 0, 1, 0, 0, 0, 0, 1, },
		{ 0.42577934265137, -0.90482699871063, 0, 0, 0.90482699871063, 0.42577934265137, 0, 0, 0, 0, 1, 0, 0, 0, 0, 1, },
		{ 0.36063760519028, -0.93270593881607, 0, 0, 0.93270593881607, 0.36063760519028, 0, 0, 0, 0, 1, 0, 0, 0, 0, 1, },
		{ 0.29578572511673, -0.95525431632996, 0, 0, 0.95525431632996, 0.29578572511673, 0, 0, 0, 0, 1, 0, 0, 0, 0, 1, },
		{ 0.23215359449387, -0.97267907857895, 0, 0, 0.97267907857895, 0.23215359449387, 0, 0, 0, 0, 1, 0, 0, 0, 0, 1, },
		{ 0.17064070701599, -0.9853333234787, 0, 0, 0.9853333234787, 0.17064070701599, 0, 0, 0, 0, 1, 0, 0, 0, 0, 1, },
		{ 0.11209563910961, -0.99369734525681, 0, 0, 0.99369734525681, 0.11209563910961, 0, 0, 0, 0, 1, 0, 0, 0, 0, 1, },
		{ 0.057304579764605, -0.99835675954819, 0, 0, 0.99835675954819, 0.057304579764605, 0, 0, 0, 0, 1, 0, 0, 0, 0, 1, },
		{ 0.0069807544350624, -0.99997556209564, 0, 0, 0.99997556209564, 0.0069807544350624, 0, 0, 0, 0, 1, 0, 0, 0, 0, 1, },
		{ -0.038235269486904, -0.99926871061325, 0, 0, 0.99926871061325, -0.038235269486904, 0, 0, 0, 0, 1, 0, 0, 0, 0, 1, },
		{ -0.077774360775948, -0.99697095155716, 0, 0, 0.99697095155716, -0.077774360775948, 0, 0, 0, 0, 1, 0, 0, 0, 0, 1, },
		{ -0.11112529039383, -0.99380630254745, 0, 0, 0.99380630254745, -0.11112529039383, 0, 0, 0, 0, 1, 0, 0, 0, 0, 1, },
		{ -0.1378225684166, -0.99045687913895, 0, 0, 0.99045687913895, -0.1378225684166, 0, 0, 0, 0, 1, 0, 0, 0, 0, 1, },
		{ -0.1574295759201, -0.98753011226654, 0, 0, 0.98753011226654, -0.1574295759201, 0, 0, 0, 0, 1, 0, 0, 0, 0, 1, },
		{ -0.16951774060726, -0.98552703857422, 0, 0, 0.98552703857422, -0.16951774060726, 0, 0, 0, 0, 1, 0, 0, 0, 0, 1, },
		{ -0.17364829778671, -0.98480767011642, 0, 0, 0.98480767011642, -0.17364829778671, 0, 0, 0, 0, 1, 0, 0, 0, 0, 1, },
		{ -0.17364828288555, -0.98480761051178, 0, 0, 0.98480761051178, -0.17364828288555, 0, 0, 0, 0, 1, 0, 0, 0, 0, 1, },
	},
}
end
