function data()
return {
	times = { 0, 41.667, 83.333, 125, 166.667, 208.333, 250, 291.667, 333.333, 375, 416.667, 458.333, 500, 541.667, 583.333, 625, 666.667, 708.333, 750, 791.667, 833.333, 875, 916.667, 958.333, 1000, 1041.667, 1083.333, 1125, 1166.667, 1208.333, 5000, },
	transfs = {
		{ 1, 0, 0, 0, 0, 1, 0, 0, 0, 0, 1, 0, 0, 0, 0, 1, },
		{ 0.99998152256012, 0.0060827448032796, 0, 0, -0.0060827448032796, 0.99998152256012, 0, 0, 0, 0, 1, 0, 0, 0, 0, 1, },
		{ 0.99971777200699, 0.023756397888064, 0, 0, -0.023756397888064, 0.99971777200699, 0, 0, 0, 0, 1, 0, 0, 0, 0, 1, },
		{ 0.998639523983, 0.052145134657621, 0, 0, -0.052145134657621, 0.998639523983, 0, 0, 0, 0, 1, 0, 0, 0, 0, 1, },
		{ 0.9959117770195, 0.090331248939037, 0, 0, -0.090331248939037, 0.9959117770195, 0, 0, 0, 0, 1, 0, 0, 0, 0, 1, },
		{ 0.99052649736404, 0.13732182979584, 0, 0, -0.13732182979584, 0.99052649736404, 0, 0, 0, 0, 1, 0, 0, 0, 0, 1, },
		{ 0.98139142990112, 0.19201782345772, 0, 0, -0.19201782345772, 0.98139142990112, 0, 0, 0, 0, 1, 0, 0, 0, 0, 1, },
		{ 0.96741616725922, 0.2531915307045, 0, 0, -0.2531915307045, 0.96741616725922, 0, 0, 0, 0, 1, 0, 0, 0, 0, 1, },
		{ 0.94759368896484, 0.31947785615921, 0, 0, -0.31947785615921, 0.94759368896484, 0, 0, 0, 0, 1, 0, 0, 0, 0, 1, },
		{ 0.92107623815536, 0.38938230276108, 0, 0, -0.38938230276108, 0.92107623815536, 0, 0, 0, 0, 1, 0, 0, 0, 0, 1, },
		{ 0.88724112510681, 0.46130582690239, 0, 0, -0.46130582690239, 0.88724112510681, 0, 0, 0, 0, 1, 0, 0, 0, 0, 1, },
		{ 0.84574508666992, 0.53358715772629, 0, 0, -0.53358715772629, 0.84574508666992, 0, 0, 0, 0, 1, 0, 0, 0, 0, 1, },
		{ 0.79656046628952, 0.60455870628357, 0, 0, -0.60455870628357, 0.79656046628952, 0, 0, 0, 0, 1, 0, 0, 0, 0, 1, },
		{ 0.73999446630478, 0.67261296510696, 0, 0, -0.67261296510696, 0.73999446630478, 0, 0, 0, 0, 1, 0, 0, 0, 0, 1, },
		{ 0.67668557167053, 0.73627209663391, 0, 0, -0.73627209663391, 0.67668557167053, 0, 0, 0, 0, 1, 0, 0, 0, 0, 1, },
		{ 0.60758119821548, 0.79425758123398, 0, 0, -0.79425758123398, 0.60758119821548, 0, 0, 0, 0, 1, 0, 0, 0, 0, 1, },
		{ 0.53389543294907, 0.84555047750473, 0, 0, -0.84555047750473, 0.53389543294907, 0, 0, 0, 0, 1, 0, 0, 0, 0, 1, },
		{ 0.45705270767212, 0.88943958282471, 0, 0, -0.88943958282471, 0.45705270767212, 0, 0, 0, 0, 1, 0, 0, 0, 0, 1, },
		{ 0.37861865758896, 0.92555272579193, 0, 0, -0.92555272579193, 0.37861865758896, 0, 0, 0, 0, 1, 0, 0, 0, 0, 1, },
		{ 0.30022948980331, 0.95386689901352, 0, 0, -0.95386689901352, 0.30022948980331, 0, 0, 0, 0, 1, 0, 0, 0, 0, 1, },
		{ 0.22352309525013, 0.97469866275787, 0, 0, -0.97469866275787, 0.22352309525013, 0, 0, 0, 0, 1, 0, 0, 0, 0, 1, },
		{ 0.15007603168488, 0.98867446184158, 0, 0, -0.98867446184158, 0.15007603168488, 0, 0, 0, 0, 1, 0, 0, 0, 0, 1, },
		{ 0.081354781985283, 0.99668520689011, 0, 0, -0.99668520689011, 0.081354781985283, 0, 0, 0, 0, 1, 0, 0, 0, 0, 1, },
		{ 0.018683651462197, 0.99982535839081, 0, 0, -0.99982535839081, 0.018683651462197, 0, 0, 0, 0, 1, 0, 0, 0, 0, 1, },
		{ -0.036767836660147, 0.99932384490967, 0, 0, -0.99932384490967, -0.036767836660147, 0, 0, 0, 0, 1, 0, 0, 0, 0, 1, },
		{ -0.08397962898016, 0.99646747112274, 0, 0, -0.99646747112274, -0.08397962898016, 0, 0, 0, 0, 1, 0, 0, 0, 0, 1, },
		{ -0.1220588684082, 0.99252283573151, 0, 0, -0.99252283573151, -0.1220588684082, 0, 0, 0, 0, 1, 0, 0, 0, 0, 1, },
		{ -0.1502038538456, 0.98865497112274, 0, 0, -0.98865497112274, -0.1502038538456, 0, 0, 0, 0, 1, 0, 0, 0, 0, 1, },
		{ -0.16765461862087, 0.98584574460983, 0, 0, -0.98584574460983, -0.16765461862087, 0, 0, 0, 0, 1, 0, 0, 0, 0, 1, },
		{ -0.17364831268787, 0.98480767011642, 0, 0, -0.98480767011642, -0.17364831268787, 0, 0, 0, 0, 1, 0, 0, 0, 0, 1, },
		{ -0.17364828288555, 0.98480761051178, 0, 0, -0.98480761051178, -0.17364828288555, 0, 0, 0, 0, 1, 0, 0, 0, 0, 1, },
	},
}
end
