function data()
return {
	times = { 0, 3333.333, 3375, 3416.667, 3458.333, 3500, 3541.667, 3583.333, 3625, 3666.667, 3708.333, 3750, 3791.667, 3833.333, 3875, 3916.667, 3958.333, 4000, 4041.667, 4083.333, 4125, 4166.667, 4208.333, 4250, 4291.667, 4333.333, 4375, 4416.667, 4458.333, 4500, 4541.667, 4583.333, 4625, 4666.667, 4708.333, 4750, 4791.667, 4833.333, 4875, 4916.667, 4958.333, },
	transfs = {
		{ 1, 0, 0, 0, 0, 1, 0, 0, 0, 0, 1, 0, 0, 0, 0, 1, },
		{ 1, 0, 0, 0, 0, 1, 0, 0, 0, 0, 1, 0, 0, 0, 0, 1, },
		{ 1, 5.700864494429e-05, -0.00010327668132959, 0, -5.6730350479484e-05, 0.99999636411667, 0.0026926135178655, 0, 0.00010342980385758, -0.0026926076970994, 0.99999636411667, 0, 0, 0, 0, 1, },
		{ 0.99999988079071, 0.00022416963474825, -0.00040610501309857, 0, -0.00021985737839714, 0.99994391202927, 0.010587722063065, 0, 0.00040845570038073, -0.010587631724775, 0.99994379281998, 0, 0, 0, 0, 1, },
		{ 0.99999940395355, 0.00049568508984521, -0.00089798192493618, 0, -0.00047452776925638, 0.99972581863403, 0.023409927263856, 0, 0.00090933975297958, -0.023409487679601, 0.99972552061081, 0, 0, 0, 0, 1, },
		{ 0.99999839067459, 0.00086575734894723, -0.0015684047248214, 0, -0.00080091849667951, 0.9991637468338, 0.04087982699275, 0, 0.0016024850774556, -0.040878504514694, 0.99916279315948, 0, 0, 0, 0, 1, },
		{ 0.99999624490738, 0.0013285871827975, -0.0024068697821349, 0, -0.001175040146336, 0.99803107976913, 0.062710329890251, 0, 0.0024854466319084, -0.062707260251045, 0.99802881479263, 0, 0, 0, 0, 1, },
		{ 0.99999243021011, 0.0018783751875162, -0.00340287364088, 0, -0.0015694936737418, 0.9960657954216, 0.088602609932423, 0, 0.0035559150855988, -0.088596612215042, 0.99606120586395, 0, 0, 0, 0, 1, },
		{ 0.99998646974564, 0.0025093185249716, -0.0045459088869393, 0, -0.0019542179070413, 0.99298286437988, 0.11824228614569, 0, 0.0048107174225152, -0.11823181807995, 0.99297434091568, 0, 0, 0, 0, 1, },
		{ 0.99997788667679, 0.0032156142406166, -0.0058254729956388, 0, -0.0022972689475864, 0.98848575353622, 0.1512960344553, 0, 0.006244907155633, -0.15127930045128, 0.98847132921219, 0, 0, 0, 0, 1, },
		{ 0.99996590614319, 0.0039914567023516, -0.0072310552932322, 0, -0.0025656442157924, 0.98227858543396, 0.18740910291672, 0, 0.0078509468585253, -0.18738417327404, 0.98225528001785, 0, 0, 0, 0, 1, },
		{ 0.99995005130768, 0.0048310379497707, -0.0087521513924003, 0, -0.0027261620853096, 0.97407603263855, 0.22620414197445, 0, 0.0096180625259876, -0.22616896033287, 0.97404056787491, 0, 0, 0, 0, 1, },
		{ 0.99992966651917, 0.0057285469956696, -0.010378247126937, 0, -0.002746396465227, 0.96361470222473, 0.26728099584579, 0, 0.011531763710082, -0.26723372936249, 0.96356272697449, 0, 0, 0, 0, 1, },
		{ 0.99990451335907, 0.0066781714558601, -0.012098832987249, 0, -0.0025956442113966, 0.95066165924072, 0.31021875143051, 0, 0.013573591597378, -0.31015771627426, 0.95058816671371, 0, 0, 0, 0, 1, },
		{ 0.99987387657166, 0.0076740942895412, -0.013903397135437, 0, -0.0022459051106125, 0.93502372503281, 0.35457795858383, 0, 0.015721073374152, -0.35450202226639, 0.93492305278778, 0, 0, 0, 0, 1, },
		{ 0.9998374581337, 0.008710503578186, -0.015781428664923, 0, -0.0016728390473872, 0.91655468940735, 0.39990586042404, 0, 0.017947923392057, -0.3998144865036, 0.91642028093338, 0, 0, 0, 0, 1, },
		{ 0.99979507923126, 0.0097815729677677, -0.017722407355905, 0, -0.00085664977086708, 0.89516127109528, 0.4457414150238, 0, 0.020224466919899, -0.44563493132591, 0.89498627185822, 0, 0, 0, 0, 1, },
		{ 0.99974638223648, 0.010881493799388, -0.019715819507837, 0, 0.00021709722932428, 0.8708084821701, 0.49162241816521, 0, 0.022518288344145, -0.49150198698044, 0.87058526277542, 0, 0, 0, 0, 1, },
		{ 0.99969136714935, 0.012004440650344, -0.021751154214144, 0, 0.0015568805392832, 0.843521296978, 0.5370934009552, 0, 0.024795070290565, -0.53696149587631, 0.8432422876358, 0, 0, 0, 0, 1, },
		{ 0.99962985515594, 0.013144601136446, -0.023817906156182, 0, 0.0031647025607526, 0.81338787078857, 0.58171314001083, 0, 0.027019582688808, -0.58157324790955, 0.81304514408112, 0, 0, 0, 0, 1, },
		{ 0.99956214427948, 0.014296156354249, -0.025905549526215, 0, 0.0050358474254608, 0.78055757284164, 0.62506359815598, 0, 0.029156781733036, -0.62492030858994, 0.78014379739761, 0, 0, 0, 0, 1, },
		{ 0.9994882941246, 0.015453298576176, -0.028003582730889, 0, 0.0071588605642319, 0.74523985385895, 0.66675800085068, 0, 0.031172996386886, -0.66661739349365, 0.74474793672562, 0, 0, 0, 0, 1, },
		{ 0.99940878152847, 0.016610212624073, -0.030101483687758, 0, 0.009515737183392, 0.70770007371902, 0.70644891262054, 0, 0.033037088811398, -0.70631766319275, 0.7071236371994, 0, 0, 0, 0, 1, },
		{ 0.99932390451431, 0.017761096358299, -0.032188761979342, 0, 0.012082341127098, 0.66825467348099, 0.74383443593979, 0, 0.034721609205008, -0.74372047185898, 0.6675882935524, 0, 0, 0, 0, 1, },
		{ 0.99923431873322, 0.018900154158473, -0.034254912286997, 0, 0.014829056337476, 0.6272646188736, 0.77866494655609, 0, 0.036203783005476, -0.77857685089111, 0.62650412321091, 0, 0, 0, 0, 1, },
		{ 0.99914073944092, 0.020021587610245, -0.036289416253567, 0, 0.017721585929394, 0.58512783050537, 0.81074732542038, 0, 0.037466399371624, -0.81069374084473, 0.58427029848099, 0, 0, 0, 0, 1, },
		{ 0.99904370307922, 0.021119628101587, -0.038281794637442, 0, 0.020721916109324, 0.54227232933044, 0.83994716405869, 0, 0.038498532027006, -0.83993726968765, 0.54131615161896, 0, 0, 0, 0, 1, },
		{ 0.99894440174103, 0.022188464179635, -0.040221553295851, 0, 0.023789377883077, 0.49914625287056, 0.86619108915329, 0, 0.039295885711908, -0.86623364686966, 0.49809148907661, 0, 0, 0, 0, 1, },
		{ 0.99884355068207, 0.023222338408232, -0.042098194360733, 0, 0.026881653815508, 0.4562118947506, 0.88946503400803, 0, 0.039861157536507, -0.88956815004349, 0.45506003499031, 0, 0, 0, 0, 1, },
		{ 0.99874234199524, 0.024215497076511, -0.043901234865189, 0, 0.029956001788378, 0.41393414139748, 0.90981376171112, 0, 0.040203813463449, -0.90998464822769, 0.41268816590309, 0, 0, 0, 0, 1, },
		{ 0.99864190816879, 0.025162184610963, -0.04562021791935, 0, 0.032970078289509, 0.37277793884277, 0.92733466625214, 0, 0.040339976549149, -0.92757928371429, 0.37144204974174, 0, 0, 0, 0, 1, },
		{ 0.99854338169098, 0.026056621223688, -0.047244630753994, 0, 0.035882871598005, 0.33319884538651, 0.94217348098755, 0, 0.040291719138622, -0.94249647855759, 0.33177852630615, 0, 0, 0, 0, 1, },
		{ 0.99844819307327, 0.02689309976995, -0.048764023929834, 0, 0.038655467331409, 0.29563844203949, 0.9545174241066, 0, 0.040086451917887, -0.95492124557495, 0.29414010047913, 0, 0, 0, 0, 1, },
		{ 0.99835747480392, 0.027665853500366, -0.050167925655842, 0, 0.041251514106989, 0.2605212032795, 0.9645864367485, 0, 0.039755914360285, -0.96507167816162, 0.25895205140114, 0, 0, 0, 0, 1, },
		{ 0.9982727766037, 0.028369167819619, -0.051445841789246, 0, 0.043637480586767, 0.22825230658054, 0.97262358665466, 0, 0.039335153996944, -0.97318857908249, 0.22662009298801, 0, 0, 0, 0, 1, },
		{ 0.9981951713562, 0.028997309505939, -0.05258733779192, 0, 0.045782998204231, 0.19921313226223, 0.97888612747192, 0, 0.038861155509949, -0.97952699661255, 0.19752602279186, 0, 0, 0, 0, 1, },
		{ 0.99812626838684, 0.029544537886977, -0.053581949323416, 0, 0.047660369426012, 0.17376767098904, 0.98363262414932, 0, 0.038371786475182, -0.98434340953827, 0.17203398048878, 0, 0, 0, 0, 1, },
		{ 0.99806720018387, 0.030005142092705, -0.054419193416834, 0, 0.049244593828917, 0.1522570848465, 0.98711335659027, 0, 0.037904184311628, -0.9878853559494, 0.1504852026701, 0, 0, 0, 0, 1, },
		{ 0.99801933765411, 0.030373387038708, -0.055088609457016, 0, 0.050512742251158, 0.13500592112541, 0.98955631256104, 0, 0.037493467330933, -0.99037915468216, 0.13320428133011, 0, 0, 0, 0, 1, },
		{ 0.99798387289047, 0.030643533915281, -0.055579729378223, 0, 0.051443506032228, 0.12232280522585, 0.9911562204361, 0, 0.037171199917793, -0.99201714992523, 0.12049977481365, 0, 0, 0, 0, 1, },
		{ 0.99796187877655, 0.030809823423624, -0.055882096290588, 0, 0.052016530185938, 0.11450482159853, 0.99205988645554, 0, 0.03696396574378, -0.99294483661652, 0.11266881972551, 0, 0, 0, 0, 1, },
	},
}
end
