function data()
return {
	times = { 0, 3333.333, 3375, 3416.667, 3458.333, 3500, 3541.667, 3583.333, 3625, 3666.667, 3708.333, 3750, 3791.667, 3833.333, 3875, 3916.667, 3958.333, 4000, 4041.667, 4083.333, 4125, 4166.667, 4208.333, 4250, 4291.667, 4333.333, 4375, 4416.667, 4458.333, 4500, 4541.667, 4583.333, 4625, 4666.667, 4708.333, 4750, 4791.667, 4833.333, 4875, 4916.667, 4958.333, },
	transfs = {
		{ 1, 0, 0, 0, 0, 1, 0, 0, 0, 0, 1, 0, 0, 0, 0, 1, },
		{ 1, 0, 0, 0, 0, 1, 0, 0, 0, 0, 1, 0, 0, 0, 0, 1, },
		{ 1, 3.3087104200833e-24, 8.9623854364618e-06, 0, 2.4228066664023e-08, 0.99999636411667, -0.0027033055666834, 0, -8.9623526946525e-06, 0.0027033055666834, 0.99999636411667, 0, 0, 0, 0, 1, },
		{ 1, -1.24966649305e-22, 3.5241926525487e-05, 0, 3.7461336432898e-07, 0.99994343519211, -0.010629763826728, 0, -3.5239936551079e-05, 0.010629763826728, 0.99994343519211, 0, 0, 0, 0, 1, },
		{ 1, 3.185234542762e-22, 7.7927194070071e-05, 0, 1.8315136003366e-06, 0.99972373247147, -0.023502882570028, 0, -7.7905664511491e-05, 0.023502882570028, 0.99972373247147, 0, 0, 0, 0, 1, },
		{ 1, 8.463192616379e-22, 0.00013610674068332, 0, 5.586108272837e-06, 0.99915742874146, -0.041042111814022, 0, -0.0001359920570394, 0.041042111814022, 0.99915742874146, 0, 0, 0, 0, 1, },
		{ 1, 3.3972174471614e-21, 0.00020886918355245, 0, 1.3150237464288e-05, 0.99801605939865, -0.06295919418335, 0, -0.00020845481776632, 0.06295920163393, 0.99801605939865, 0, 0, 0, 0, 1, },
		{ 0.99999988079071, 3.3747002014828e-21, 0.00029530312167481, 0, 2.6268400688423e-05, 0.99603569507599, -0.088954024016857, 0, -0.00029413244919851, 0.088954031467438, 0.99603569507599, 0, 0, 0, 0, 1, },
		{ 0.99999988079071, 2.9301999772897e-22, 0.00039449692121707, 0, 4.68310645374e-05, 0.99292880296707, -0.11871082335711, 0, -0.00039170740637928, 0.11871084570885, 0.99292880296707, 0, 0, 0, 0, 1, },
		{ 0.99999988079071, 1.6468468062289e-20, 0.00050553953042254, 0, 7.6788826845586e-05, 0.98839664459229, -0.15189479291439, 0, -0.00049967353697866, 0.15189480781555, 0.988396525383, 0, 0, 0, 0, 1, },
		{ 0.99999976158142, 0, 0.00062751898076385, 0, 0.00011806729162345, 0.98214036226273, -0.18814933300018, 0, -0.00061631173593923, 0.18814936280251, 0.98214018344879, 0, 0, 0, 0, 1, },
		{ 0.99999970197678, 2.4621728866283e-20, 0.00075952452607453, 0, 0.00017248450603802, 0.97387254238129, -0.22709530591965, 0, -0.00073967996286228, 0.22709536552429, 0.97387218475342, 0, 0, 0, 0, 1, },
		{ 0.99999958276749, 0, 0.00090064387768507, 0, 0.00024167040828615, 0.96332681179047, -0.26833057403564, 0, -0.00086761446436867, 0.26833069324493, 0.9633264541626, 0, 0, 0, 0, 1, },
		{ 0.99999940395355, -5.1514155755729e-20, 0.0010499662021175, 0, 0.00032699306029826, 0.95026844739914, -0.31143182516098, 0, -0.00099774973932654, 0.31143197417259, 0.95026791095734, 0, 0, 0, 0, 1, },
		{ 0.99999922513962, 0, 0.0012065800838172, 0, 0.00042949154158123, 0.93450200557709, -0.35595750808716, 0, -0.001127551542595, 0.35595777630806, 0.93450134992599, 0, 0, 0, 0, 1, },
		{ 0.99999904632568, 1.22486877545e-20, 0.001369574223645, 0, 0.00054981937864795, 0.91587966680527, -0.40145236253738, 0, -0.0012543653137982, 0.40145274996758, 0.91587889194489, 0, 0, 0, 0, 1, },
		{ 0.99999874830246, 0, 0.0015380365075544, 0, 0.00068819936132059, 0.89430737495422, -0.44745266437531, 0, -0.0013754774117842, 0.44745320081711, 0.89430630207062, 0, 0, 0, 0, 1, },
		{ 0.99999850988388, -9.4298357186498e-20, 0.0017110556364059, 0, 0.00084439670899883, 0.86974883079529, -0.49349385499954, 0, -0.0014881887473166, 0.4934946000576, 0.8697475194931, 0, 0, 0, 0, 1, },
		{ 0.99999821186066, 0, 0.0018877206603065, 0, 0.0010177057702094, 0.84222972393036, -0.539117872715, 0, -0.0015898944111541, 0.53911876678467, 0.84222823381424, 0, 0, 0, 0, 1, },
		{ 0.99999785423279, 0, 0.0020671202801168, 0, 0.0012069545919076, 0.81183844804764, -0.58388090133667, 0, -0.0016781676094979, 0.58388209342957, 0.81183665990829, 0, 0, 0, 0, 1, },
		{ 0.99999743700027, 0, 0.0022483423817903, 0, 0.0014105305308476, 0.77872562408447, -0.62736302614212, 0, -0.0017508418532088, 0.62736463546753, 0.7787236571312, 0, 0, 0, 0, 1, },
		{ 0.99999701976776, 1.6113474455124e-19, 0.0024304762482643, 0, 0.0016264191363007, 0.74310284852982, -0.6691752076149, 0, -0.0018060938455164, 0.66917717456818, 0.74310058355331, 0, 0, 0, 0, 1, },
		{ 0.99999660253525, -1.5373352017103e-19, 0.0026126087177545, 0, 0.0018522632308304, 0.705237865448, -0.70896834135056, 0, -0.0018425105372444, 0.70897072553635, 0.70523548126221, 0, 0, 0, 0, 1, },
		{ 0.99999606609344, -2.8859292426331e-19, 0.002793830819428, 0, 0.002085433807224, 0.66544997692108, -0.7464394569397, 0, -0.0018591550178826, 0.74644237756729, 0.66544741392136, 0, 0, 0, 0, 1, },
		{ 0.99999558925629, 0, 0.0029732303228229, 0, 0.0023231068626046, 0.62410432100296, -0.78133755922318, 0, -0.0018556059803814, 0.78134101629257, 0.6241015791893, 0, 0, 0, 0, 1, },
		{ 0.99999505281448, 1.7639383578388e-19, 0.003149894066155, 0, 0.0025623543187976, 0.58160257339478, -0.81346899271011, 0, -0.0018319865921512, 0.81347298622131, 0.58159965276718, 0, 0, 0, 0, 1, },
		{ 0.99999439716339, -2.8423500075425e-19, 0.0033229130785912, 0, 0.0028002329636365, 0.53837668895721, -0.84269958734512, 0, -0.0017889791633934, 0.84270423650742, 0.53837370872498, 0, 0, 0, 0, 1, },
		{ 0.99999392032623, -2.146198810674e-19, 0.003491374431178, 0, 0.00303387013264, 0.49487975239754, -0.86895608901978, 0, -0.0017278107115999, 0.86896139383316, 0.4948767721653, 0, 0, 0, 0, 1, },
		{ 0.99999326467514, 1.9347187133414e-19, 0.0036543675232679, 0, 0.0032605424057692, 0.45157811045647, -0.89222556352615, 0, -0.001650232472457, 0.89223152399063, 0.45157507061958, 0, 0, 0, 0, 1, },
		{ 0.99999272823334, 2.0529929716686e-20, 0.003810980822891, 0, 0.0034777505788952, 0.40894150733948, -0.91255390644073, 0, -0.0015584680950269, 0.9125605225563, 0.40893852710724, 0, 0, 0, 0, 1, },
		{ 0.99999213218689, -2.0167194539092e-19, 0.0039603016339242, 0, 0.0036832694895566, 0.36743879318237, -0.93004041910172, 0, -0.001455168472603, 0.93004769086838, 0.36743587255478, 0, 0, 0, 0, 1, },
		{ 0.99999159574509, 0, 0.0041014207527041, 0, 0.0038751892279834, 0.32753014564514, -0.94483280181885, 0, -0.0013433390995488, 0.9448407292366, 0.32752740383148, 0, 0, 0, 0, 1, },
		{ 0.99999105930328, 0, 0.004233424551785, 0, 0.0040519358590245, 0.28966009616852, -0.95712095499039, 0, -0.0012262541567907, 0.95712959766388, 0.28965750336647, 0, 0, 0, 0, 1, },
		{ 0.99999046325684, 0, 0.004355404060334, 0, 0.0042122714221478, 0.25425657629967, -0.96712762117386, 0, -0.0011073900386691, 0.96713674068451, 0.25425416231155, 0, 0, 0, 0, 1, },
		{ 0.99998998641968, 1.9125176703766e-20, 0.0044664456509054, 0, 0.0043552699498832, 0.2217273414135, -0.97509890794754, 0, -0.00099033315200359, 0.97510868310928, 0.22172513604164, 0, 0, 0, 0, 1, },
		{ 0.99998956918716, 0, 0.0045656380243599, 0, 0.0044802846387029, 0.19245751202106, -0.98129498958588, 0, -0.00087869132403284, 0.98130524158478, 0.19245551526546, 0, 0, 0, 0, 1, },
		{ 0.99998915195465, 0, 0.0046520703472197, 0, 0.0045868894085288, 0.16681152582169, -0.98597806692123, 0, -0.00077601888915524, 0.98598879575729, 0.16680972278118, 0, 0, 0, 0, 1, },
		{ 0.99998879432678, 0, 0.0047248327173293, 0, 0.0046748067252338, 0.1451330780983, -0.9894010424614, 0, -0.00068572955206037, 0.98941212892532, 0.14513146877289, 0, 0, 0, 0, 1, },
		{ 0.99998849630356, 0, 0.0047830105759203, 0, 0.0047438214533031, 0.12774907052517, -0.99179512262344, 0, -0.00061102514155209, 0.9918065071106, 0.12774759531021, 0, 0, 0, 0, 1, },
		{ 0.99998831748962, 0, 0.004825696349144, 0, 0.0047936975024641, 0.1149692684412, -0.99335741996765, 0, -0.000554806785658, 0.99336904287338, 0.11496792733669, 0, 0, 0, 0, 1, },
		{ 0.99998825788498, -9.2886980266329e-20, 0.0048519745469093, 0, 0.0048240716569126, 0.10709139704704, -0.99423742294312, 0, -0.00051960471319035, 0.99424916505814, 0.10709013789892, 0, 0, 0, 0, 1, },
	},
}
end
