function data()
return {
	times = { 0, 3333.333, 3375, 3416.667, 3458.333, 3500, 3541.667, 3583.333, 3625, 3666.667, 3708.333, 3750, 3791.667, 3833.333, 3875, 3916.667, 3958.333, 4000, 4041.667, 4083.333, 4125, 4166.667, 4208.333, 4250, 4291.667, 4333.333, 4375, 4416.667, 4458.333, 4500, 4541.667, 4583.333, 4625, 4666.667, 4708.333, 4750, 4791.667, 4833.333, 4875, 4916.667, 4958.333, },
	transfs = {
		{ 1, 0, 0, 0, 0, 1, 0, 0, 0, 0, 1, 0, 0, 0, 0, 1, },
		{ 1, 0, 0, 0, 0, 1, 0, 0, 0, 0, 1, 0, 0, 0, 0, 1, },
		{ 1, 0, 0, 0, 0, 0.99999636411667, 0.0027058250270784, 0, 0, -0.0027058250270784, 0.99999636411667, 0, 0, 0, 0, 1, },
		{ 1, 0, 0, 0, 0, 0.99994337558746, 0.010639668442309, 0, 0, -0.010639668442309, 0.99994337558746, 0, 0, 0, 0, 1, },
		{ 1, 0, 0, 0, 0, 0.99972319602966, 0.023524785414338, 0, 0, -0.023524785414338, 0.99972319602966, 0, 0, 0, 0, 1, },
		{ 1, 0, 0, 0, 0, 0.99915581941605, 0.041080340743065, 0, 0, -0.041080340743065, 0.99915581941605, 0, 0, 0, 0, 1, },
		{ 1, 0, 0, 0, 0, 0.99801242351532, 0.063017792999744, 0, 0, -0.063017792999744, 0.99801242351532, 0, 0, 0, 0, 1, },
		{ 1, 0, 0, 0, 0, 0.99602836370468, 0.089036680757999, 0, 0, -0.089036680757999, 0.99602836370468, 0, 0, 0, 0, 1, },
		{ 1, 0, 0, 0, 0, 0.99291568994522, 0.11882091313601, 0, 0, -0.11882091313601, 0.99291568994522, 0, 0, 0, 0, 1, },
		{ 1, 0, 0, 0, 0, 0.98837500810623, 0.15203522145748, 0, 0, -0.15203522145748, 0.98837500810623, 0, 0, 0, 0, 1, },
		{ 1, 0, 0, 0, 0, 0.98210722208023, 0.18832260370255, 0, 0, -0.18832260370255, 0.98210722208023, 0, 0, 0, 0, 1, },
		{ 1, 0, 0, 0, 0, 0.97382402420044, 0.22730322182178, 0, 0, -0.22730322182178, 0.97382402420044, 0, 0, 0, 0, 1, },
		{ 1, 0, 0, 0, 0, 0.96325892210007, 0.26857447624207, 0, 0, -0.26857447624207, 0.96325892210007, 0, 0, 0, 0, 1, },
		{ 1, 0, 0, 0, 0, 0.95017647743225, 0.31171244382858, 0, 0, -0.31171244382858, 0.95017647743225, 0, 0, 0, 0, 1, },
		{ 1, 0, 0, 0, 0, 0.93438124656677, 0.35627472400665, 0, 0, -0.35627472400665, 0.93438124656677, 0, 0, 0, 0, 1, },
		{ 1, 0, 0, 0, 0, 0.91572517156601, 0.40180525183678, 0, 0, -0.40180525183678, 0.91572517156601, 0, 0, 0, 0, 1, },
		{ 1, 0, 0, 0, 0, 0.89411383867264, 0.4478397667408, 0, 0, -0.4478397667408, 0.89411383867264, 0, 0, 0, 0, 1, },
		{ 1, 0, 0, 0, 0, 0.86951142549515, 0.49391287565231, 0, 0, -0.49391287565231, 0.86951142549515, 0, 0, 0, 0, 1, },
		{ 1, 0, 0, 0, 0, 0.84194362163544, 0.5395655632019, 0, 0, -0.5395655632019, 0.84194362163544, 0, 0, 0, 0, 1, },
		{ 1, 0, 0, 0, 0, 0.81149905920029, 0.58435374498367, 0, 0, -0.58435374498367, 0.81149905920029, 0, 0, 0, 0, 1, },
		{ 1, 0, 0, 0, 0, 0.77832913398743, 0.62785649299622, 0, 0, -0.62785649299622, 0.77832913398743, 0, 0, 0, 0, 1, },
		{ 1, 0, 0, 0, 0, 0.74264544248581, 0.66968482732773, 0, 0, -0.66968482732773, 0.74264544248581, 0, 0, 0, 0, 1, },
		{ 1, 0, 0, 0, 0, 0.70471704006195, 0.70948845148087, 0, 0, -0.70948845148087, 0.70471704006195, 0, 0, 0, 0, 1, },
		{ 1, 0, 0, 0, 0, 0.66486370563507, 0.74696469306946, 0, 0, -0.74696469306946, 0.66486370563507, 0, 0, 0, 0, 1, },
		{ 1, 0, 0, 0, 0, 0.62345099449158, 0.78186243772507, 0, 0, -0.78186243772507, 0.62345099449158, 0, 0, 0, 0, 1, },
		{ 1, 0, 0, 0, 0, 0.58088213205338, 0.81398767232895, 0, 0, -0.81398767232895, 0.58088213205338, 0, 0, 0, 0, 1, },
		{ 1, 0, 0, 0, 0, 0.53758949041367, 0.84320670366287, 0, 0, -0.84320670366287, 0.53758949041367, 0, 0, 0, 0, 1, },
		{ 1, 0, 0, 0, 0, 0.49402678012848, 0.86944669485092, 0, 0, -0.86944669485092, 0.49402678012848, 0, 0, 0, 0, 1, },
		{ 1, 0, 0, 0, 0, 0.45066121220589, 0.89269506931305, 0, 0, -0.89269506931305, 0.45066121220589, 0, 0, 0, 0, 1, },
		{ 1, 0, 0, 0, 0, 0.40796381235123, 0.9129980802536, 0, 0, -0.9129980802536, 0.40796381235123, 0, 0, 0, 0, 1, },
		{ 1, 0, 0, 0, 0, 0.36640360951424, 0.93045598268509, 0, 0, -0.93045598268509, 0.36640360951424, 0, 0, 0, 0, 1, },
		{ 1, 0, 0, 0, 0, 0.326440513134, 0.94521772861481, 0, 0, -0.94521772861481, 0.326440513134, 0, 0, 0, 0, 1, },
		{ 1, 0, 0, 0, 0, 0.28852102160454, 0.95747357606888, 0, 0, -0.95747357606888, 0.28852102160454, 0, 0, 0, 0, 1, },
		{ 1, 0, 0, 0, 0, 0.25307250022888, 0.96744728088379, 0, 0, -0.96744728088379, 0.25307250022888, 0, 0, 0, 0, 1, },
		{ 1, 0, 0, 0, 0, 0.22050312161446, 0.97538626194, 0, 0, -0.97538626194, 0.22050312161446, 0, 0, 0, 0, 1, },
		{ 1, 0, 0, 0, 0, 0.19119784235954, 0.98155152797699, 0, 0, -0.98155152797699, 0.19119784235954, 0, 0, 0, 0, 1, },
		{ 1, 0, 0, 0, 0, 0.16552196443081, 0.9862060546875, 0, 0, -0.9862060546875, 0.16552196443081, 0, 0, 0, 0, 1, },
		{ 1, 0, 0, 0, 0, 0.14381930232048, 0.98960387706757, 0, 0, -0.98960387706757, 0.14381930232048, 0, 0, 0, 0, 1, },
		{ 1, 0, 0, 0, 0, 0.12641559541225, 0.99197739362717, 0, 0, -0.99197739362717, 0.12641559541225, 0, 0, 0, 0, 1, },
		{ 1, 0, 0, 0, 0, 0.11362193524837, 0.9935240149498, 0, 0, -0.9935240149498, 0.11362193524837, 0, 0, 0, 0, 1, },
		{ 1, 0, 0, 0, 0, 0.10573572665453, 0.99439424276352, 0, 0, -0.99439424276352, 0.10573572665453, 0, 0, 0, 0, 1, },
	},
}
end
