function data()
return {
	times = { 0, 3333.333, 3375, 3416.667, 3458.333, 3500, 3541.667, 3583.333, 3625, 3666.667, 3708.333, 3750, 3791.667, 3833.333, 3875, 3916.667, 3958.333, 4000, 4041.667, 4083.333, 4125, 4166.667, 4208.333, 4250, 4291.667, 4333.333, 4375, 4416.667, 4458.333, 4500, 4541.667, 4583.333, 4625, 4666.667, 4708.333, 4750, 4791.667, 4833.333, 4875, 4916.667, 4958.333, },
	transfs = {
		{ 1, 0, 0, 0, 0, 1, 0, 0, 0, 0, 1, 0, 0, 0, 0, 1, },
		{ 1, 0, 0, 0, 0, 1, 0, 0, 0, 0, 1, 0, 0, 0, 0, 1, },
		{ 1, -7.6242940849625e-05, -0.00010124479013029, 0, 0, 0.99999636411667, -0.0026975038927048, 0, 0.00010145009582629, 0.0026974962092936, 0.99999636411667, 0, 0, 0, 0, 1, },
		{ 0.99999988079071, -0.0002998027484864, -0.00039811516762711, 0, 0.00029556313529611, 0.99994361400604, -0.010606947354972, 0, 0.00040127275860868, 0.010606829077005, 0.99994361400604, 0, 0, 0, 0, 1, },
		{ 0.99999940395355, -0.00066292559495196, -0.00088031485211104, 0, 0.00064209796255454, 0.99972468614578, -0.023452442139387, 0, 0.00089561979984865, 0.023451862856746, 0.99972456693649, 0, 0, 0, 0, 1, },
		{ 0.99999809265137, -0.0011578573612496, -0.001537547679618, 0, 0.0010939185740426, 0.99916040897369, -0.040954023599625, 0, 0.0015836758539081, 0.040952268987894, 0.99915981292725, 0, 0, 0, 0, 1, },
		{ 0.99999558925629, -0.001776842516847, -0.0023595169186592, 0, 0.0016251028282568, 0.99802327156067, -0.062824070453644, 0, 0.0024664809461683, 0.062819957733154, 0.99802184104919, 0, 0, 0, 0, 1, },
		{ 0.99999129772186, -0.002512123901397, -0.0033359243534505, 0, 0.0022061138879508, 0.99605023860931, -0.088763117790222, 0, 0.0035457327030599, 0.088754989206791, 0.99604713916779, 0, 0, 0, 0, 1, },
		{ 0.99998444318771, -0.0033559419680387, -0.0044564730487764, 0, 0.0028044478967786, 0.99295526742935, -0.11845608055592, 0, 0.004822610411793, 0.11844173818827, 0.99294930696487, 0, 0, 0, 0, 1, },
		{ 0.99997437000275, -0.0043005356565118, -0.005710864905268, 0, 0.003385323099792, 0.98844087123871, -0.15156883001328, 0, 0.0062966798432171, 0.1515456289053, 0.98843014240265, 0, 0, 0, 0, 1, },
		{ 0.9999606013298, -0.0053381384350359, -0.0070887943729758, 0, 0.0039124363102019, 0.98220986127853, -0.18774566054344, 0, 0.0079648960381746, 0.18771053850651, 0.98219203948975, 0, 0, 0, 0, 1, },
		{ 0.99994224309921, -0.0064609847031534, -0.0085799638181925, 0, 0.004348807502538, 0.97397631406784, -0.22660812735558, 0, 0.0098207937553525, 0.22655776143074, 0.97394818067551, 0, 0, 0, 0, 1, },
		{ 0.99991887807846, -0.0076612997800112, -0.010174071416259, 0, 0.0046576946042478, 0.96347576379776, -0.26775509119034, 0, 0.011853823438287, 0.26768597960472, 0.96343326568604, 0, 0, 0, 0, 1, },
		{ 0.99988979101181, -0.0089313089847565, -0.011860810220242, 0, 0.0048035993240774, 0.950474858284, -0.31076419353485, 0, 0.014048933051527, 0.31067296862602, 0.95041298866272, 0, 0, 0, 0, 1, },
		{ 0.99985438585281, -0.010263236239552, -0.013629879802465, 0, 0.0047533013857901, 0.93478018045425, -0.35519474744797, 0, 0.016386389732361, 0.35507822036743, 0.9346929192543, 0, 0, 0, 0, 1, },
		{ 0.99981242418289, -0.011649300344288, -0.015470965765417, 0, 0.0044769025407732, 0.91624528169632, -0.4005925655365, 0, 0.018841825425625, 0.40044817328453, 0.91612565517426, 0, 0, 0, 0, 1, },
		{ 0.99976342916489, -0.013081721030176, -0.017373766750097, 0, 0.0039488575421274, 0.89477729797363, -0.44649517536163, 0, 0.021386578679085, 0.44632098078728, 0.89461731910706, 0, 0, 0, 0, 1, },
		{ 0.99970728158951, -0.014552712440491, -0.019327977672219, 0, 0.0031489001121372, 0.87034124135971, -0.49243891239166, 0, 0.023988258093596, 0.49223387241364, 0.87013232707977, 0, 0, 0, 0, 1, },
		{ 0.99964374303818, -0.016054494306445, -0.021323287859559, 0, 0.0020628697238863, 0.84296351671219, -0.53796672821045, 0, 0.026611538603902, 0.53773105144501, 0.84269630908966, 0, 0, 0, 0, 1, },
		{ 0.99957275390625, -0.017579285427928, -0.023349396884441, 0, 0.00068334536626935, 0.8127326965332, -0.58263629674911, 0, 0.029219144955277, 0.58237147331238, 0.81239753961563, 0, 0, 0, 0, 1, },
		{ 0.9994945526123, -0.019119314849377, -0.02539599686861, 0, -0.00098988506942987, 0.77979952096939, -0.6260284781456, 0, 0.031773019582033, 0.62573724985123, 0.77938652038574, 0, 0, 0, 0, 1, },
		{ 0.99940943717957, -0.020666792988777, -0.02745277620852, 0, -0.0029496410861611, 0.74437487125397, -0.66775542497635, 0, 0.034235522150993, 0.66744208335876, 0.74387431144714, 0, 0, 0, 0, 1, },
		{ 0.99931758642197, -0.022213956341147, -0.029509438201785, 0, -0.0051813665777445, 0.70672565698624, -0.70746868848801, 0, 0.036570757627487, 0.70713889598846, 0.70612823963165, 0, 0, 0, 0, 1, },
		{ 0.99921971559525, -0.023753052577376, -0.031555693596601, 0, -0.0076634366996586, 0.66716957092285, -0.74486637115479, 0, 0.038745850324631, 0.74452698230743, 0.66646701097488, 0, 0, 0, 0, 1, },
		{ 0.99911624193192, -0.025276318192482, -0.033581230789423, 0, -0.010367659851909, 0.6260694861412, -0.77969825267792, 0, 0.040732085704803, 0.77935743331909, 0.62525421380997, 0, 0, 0, 0, 1, },
		{ 0.99900823831558, -0.026775998994708, -0.0355757586658, 0, -0.013260035775602, 0.58382493257523, -0.81177121400833, 0, 0.042506001889706, 0.81143790483475, 0.58289086818695, 0, 0, 0, 0, 1, },
		{ 0.99889624118805, -0.028244370594621, -0.037528991699219, 0, -0.016301652416587, 0.54086518287659, -0.84095132350922, 0, 0.044050268828869, 0.84063494205475, 0.53980779647827, 0, 0, 0, 0, 1, },
		{ 0.99878162145615, -0.029673697426915, -0.039430640637875, 0, -0.019449790939689, 0.49763968586922, -0.86716574430466, 0, 0.045354265719652, 0.86687606573105, 0.49645620584488, 0, 0, 0, 0, 1, },
		{ 0.9986652135849, -0.031056258827448, -0.041270423680544, 0, -0.022658972069621, 0.45461133122444, -0.89040166139603, 0, 0.046414542943239, 0.89014834165573, 0.45330083370209, 0, 0, 0, 0, 1, },
		{ 0.99854838848114, -0.032384339720011, -0.043038059026003, 0, -0.025882158428431, 0.41224724054337, -0.91070431470871, 0, 0.047234877943993, 0.9104962348938, 0.41081067919731, 0, 0, 0, 0, 1, },
		{ 0.99843245744705, -0.033650271594524, -0.044723283499479, 0, -0.029071854427457, 0.37101200222969, -0.92817282676697, 0, 0.047826144844294, 0.92801815271378, 0.36945217847824, 0, 0, 0, 0, 1, },
		{ 0.99831885099411, -0.034846343100071, -0.046315807849169, 0, -0.032181076705456, 0.33136162161827, -0.94295477867126, 0, 0.048205807805061, 0.94286006689072, 0.32968318462372, 0, 0, 0, 0, 1, },
		{ 0.99820894002914, -0.035964865237474, -0.047805372625589, 0, -0.03516424447298, 0.29373878240585, -0.95523864030838, 0, 0.048397324979305, 0.95520883798599, 0.29194802045822, 0, 0, 0, 0, 1, },
		{ 0.99810427427292, -0.036998201161623, -0.049181718379259, 0, -0.03797797113657, 0.25856676697731, -0.96524655818939, 0, 0.048429138958454, 0.96528458595276, 0.25667151808739, 0, 0, 0, 0, 1, },
		{ 0.99800646305084, -0.03793865069747, -0.050434555858374, 0, -0.040581341832876, 0.2262506633997, -0.97322332859039, 0, 0.048333633691072, 0.9733299612999, 0.22426003217697, 0, 0, 0, 0, 1, },
		{ 0.99791705608368, -0.038778588175774, -0.051553662866354, 0, -0.042936451733112, 0.19717295467854, -0.97942799329758, 0, 0.048145823180676, 0.97960150241852, 0.19509723782539, 0, 0, 0, 0, 1, },
		{ 0.99783742427826, -0.039510317146778, -0.052528735250235, 0, -0.04500824585557, 0.17169539630413, -0.98412138223648, 0, 0.047901891171932, 0.98435747623444, 0.16954581439495, 0, 0, 0, 0, 1, },
		{ 0.99776935577393, -0.040126204490662, -0.053349569439888, 0, -0.046764623373747, 0.15015956759453, -0.9875550866127, 0, 0.047637786716223, 0.9878471493721, 0.14794811606407, 0, 0, 0, 0, 1, },
		{ 0.99771416187286, -0.040618594735861, -0.054005846381187, 0, -0.048175938427448, 0.13288927078247, -0.98995929956436, 0, 0.047387555241585, 0.99029821157455, 0.13062866032124, 0, 0, 0, 0, 1, },
		{ 0.99767315387726, -0.040979817509651, -0.054487328976393, 0, -0.049214843660593, 0.12019285559654, -0.99152988195419, 0, 0.047181699424982, 0.99190437793732, 0.11789637804031, 0, 0, 0, 0, 1, },
		{ 0.99764782190323, -0.041202191263437, -0.054783757776022, 0, -0.049855746328831, 0.11236678063869, -0.99241530895233, 0, 0.047045558691025, 0.99281221628189, 0.11004830896854, 0, 0, 0, 0, 1, },
	},
}
end
