function data()
return {
	times = { 0, 2500, 2541.667, 2583.333, 2625, 2666.667, 2708.333, 2750, 2791.667, 2833.333, 2875, 2916.667, 2958.333, 3000, 3041.667, 3083.333, 3125, 3166.667, 3208.333, 3250, 3291.667, 3333.333, 3375, 3416.667, 3458.333, 3500, 5000, },
	transfs = {
		{ 1, 0, 0, 0, 0, 1, 0, 0, 0, 0, 1, 0, 0, 0, 0, 1, },
		{ 1, 0, 0, 0, 0, 1, 0, 0, 0, 0, 1, 0, 0, 0, 0, 1, },
		{ 0.99999988079071, -4.0350550989388e-06, 4.4488651838037e-06, 0, 4.1087478166446e-06, 0.99986064434052, -0.016690729185939, 0, -4.3808972804982e-06, 0.016690729185939, 0.99986064434052, 0, 0, 0, 0, 1, },
		{ 0.99999988079071, -1.3657114322996e-05, 1.6723413864383e-05, 0, 1.4701847248944e-05, 0.99794000387192, -0.064153537154198, 0, -1.5812811398064e-05, 0.064153537154198, 0.99794000387192, 0, 0, 0, 0, 1, },
		{ 0.99999988079071, -2.5141511287075e-05, 3.5215558455093e-05, 0, 2.9767747037113e-05, 0.99040120840073, -0.13822185993195, 0, -3.1402425520355e-05, 0.13822185993195, 0.99040120840073, 0, 0, 0, 0, 1, },
		{ 0.99999988079071, -3.4763572330121e-05, 5.8317204093328e-05, 0, 4.7447236283915e-05, 0.97222399711609, -0.23405191302299, 0, -4.8560912546236e-05, 0.23405191302299, 0.97222399711609, 0, 0, 0, 0, 1, },
		{ 0.99999988079071, -3.8798629248049e-05, 8.4420265920926e-05, 0, 6.559670146089e-05, 0.93831288814545, -0.34578710794449, 0, -6.5796564740594e-05, 0.34578710794449, 0.93831288814545, 0, 0, 0, 0, 1, },
		{ 0.99999988079071, -3.8463043892989e-05, 0.00011304386862321, 0, 8.6717242083978e-05, 0.88474333286285, -0.46607837080956, 0, -8.208801591536e-05, 0.46607837080956, 0.88474333286285, 0, 0, 0, 0, 1, },
		{ 0.99999988079071, -3.6113960959483e-05, 0.00014821579679847, 0, 0.00011604766768869, 0.81072717905045, -0.58542400598526, 0, -9.9020609923173e-05, 0.5854240655899, 0.81072717905045, 0, 0, 0, 0, 1, },
		{ 0.99999988079071, -2.9737873774138e-05, 0.00019509113917593, 0, 0.00015693155000918, 0.71923398971558, -0.69476783275604, 0, -0.00011965526209679, 0.69476783275604, 0.71923398971558, 0, 0, 0, 0, 1, },
		{ 0.99999988079071, -1.7321299310424e-05, 0.00025882487534545, 0, 0.00021443629520945, 0.61665832996368, -0.78723084926605, 0, -0.00014597068366129, 0.78723084926605, 0.61665827035904, 0, 0, 0, 0, 1, },
		{ 0.99999988079071, 3.1492984362558e-06, 0.00034457229776308, 0, 0.0002943906292785, 0.51190167665482, -0.85904395580292, 0, -0.00017909253074322, 0.85904395580292, 0.51190161705017, 0, 0, 0, 0, 1, },
		{ 0.99999976158142, 7.2390561399516e-05, 0.00045603583566844, 0, 0.00038509164005518, 0.41420543193817, -0.91018325090408, 0, -0.00025478121824563, 0.91018331050873, 0.4142053425312, 0, 0, 0, 0, 1, },
		{ 0.99999970197678, 0.00020110618788749, 0.00059110898291692, 0, 0.00049203837988898, 0.32899910211563, -0.94432997703552, 0, -0.00038438496994786, 0.94433015584946, 0.32899895310402, 0, 0, 0, 0, 1, },
		{ 0.99999958276749, 0.0003462907334324, 0.00074623350519687, 0, 0.00063071813201532, 0.25966331362724, -0.96569889783859, 0, -0.00052818213589489, 0.96569907665253, 0.25966301560402, 0, 0, 0, 0, 1, },
		{ 0.99999940395355, 0.00046493895933963, 0.00091785041149706, 0, 0.00080069032264873, 0.20857301354408, -0.97800642251968, 0, -0.00064615212613717, 0.97800660133362, 0.2085725069046, 0, 0, 0, 0, 1, },
		{ 0.99999922513962, 0.00051404495025054, 0.0011024012928829, 0, 0.00099373748525977, 0.1773818731308, -0.98414152860641, 0, -0.00070143898483366, 0.98414188623428, 0.17738121747971, 0, 0, 0, 0, 1, },
		{ 0.99999886751175, 0.00051031808834523, 0.0013101033400744, 0, 0.0012064655311406, 0.16702325642109, -0.98595207929611, 0, -0.00072196708060801, 0.9859527349472, 0.16702248156071, 0, 0, 0, 0, 1, },
		{ 0.99999856948853, 0.00040413037640974, 0.0015729796141386, 0, 0.001452847965993, 0.21025514602661, -0.97764533758163, 0, -0.00072582333814353, 0.9776463508606, 0.2102542668581, 0, 0, 0, 0, 1, },
		{ 0.99999821186066, 0.00030353272450157, 0.0018036336405203, 0, 0.0016680989647284, 0.25308018922806, -0.96744382381439, 0, -0.00075011485023424, 0.96744513511658, 0.25307923555374, 0, 0, 0, 0, 1, },
		{ 0.99999791383743, 0.00042777773342095, 0.0019543059170246, 0, 0.001847418374382, 0.1774033755064, -0.98413640260696, 0, -0.00076769222505391, 0.98413807153702, 0.17740222811699, 0, 0, 0, 0, 1, },
		{ 0.9999971985817, 0.00055202242219821, 0.0022689790930599, 0, 0.0022018882445991, 0.10066074132919, -0.99491828680038, 0, -0.00077761441934854, 0.99492055177689, 0.10065925121307, 0, 0, 0, 0, 1, },
		{ 0.99999552965164, 0.00032588344765827, 0.0029602730646729, 0, 0.0028927372768521, 0.13007029891014, -0.99150043725967, 0, -0.00070815719664097, 0.99150466918945, 0.1300687789917, 0, 0, 0, 0, 1, },
		{ 0.99999260902405, 5.699781831936e-05, 0.0038236121181399, 0, 0.0037656619679183, 0.15936531126499, -0.98721235990524, 0, -0.0006656200857833, 0.98721963167191, 0.15936394035816, 0, 0, 0, 0, 1, },
		{ 0.99998956918716, 7.1247063715418e-06, 0.0045538754202425, 0, 0.0045131267979741, 0.13193508982658, -0.99124795198441, 0, -0.00060787837719545, 0.9912583231926, 0.13193368911743, 0, 0, 0, 0, 1, },
		{ 0.99998813867569, 3.7970376842722e-10, 0.0048609380610287, 0, 0.0048343734815717, 0.10440330952406, -0.99452322721481, 0, -0.00050749845104292, 0.99453496932983, 0.10440207272768, 0, 0, 0, 0, 1, },
		{ 0.99998813867569, 3.7970376842722e-10, 0.0048609380610287, 0, 0.0048343734815717, 0.10440330952406, -0.99452322721481, 0, -0.00050749845104292, 0.99453496932983, 0.10440207272768, 0, 0, 0, 0, 1, },
	},
}
end
