function data()
return {
	times = { 0, 2500, 2541.667, 2583.333, 2625, 2666.667, 2708.333, 2750, 2791.667, 2833.333, 2875, 2916.667, 2958.333, 3000, 3041.667, 3083.333, 3125, 3166.667, 3208.333, 3250, 3291.667, 3333.333, 3375, 3416.667, 3458.333, 3500, 3541.667, 3583.333, 3625, 3666.667, 3708.333, 5000, },
	transfs = {
		{ 1, 0, 0, 0, 0, 1, 0, 0, 0, 0, 1, 0, 0, 0, 0, 1, },
		{ 1, 0, 0, 0, 0, 1, 0, 0, 0, 0, 1, 0, 0, 0, 0, 1, },
		{ 1, 0, 0, 0, 0, 0.99924767017365, 0.03878091648221, 0, 0, -0.03878091648221, 0.99924767017365, 0, 0, 0, 0, 1, },
		{ 1, 0, 0, 0, 0, 0.99175024032593, 0.12818488478661, 0, 0, -0.12818488478661, 0.99175024032593, 0, 0, 0, 0, 1, },
		{ 1, 0, 0, 0, 0, 0.97382396459579, 0.22730323672295, 0, 0, -0.22730323672295, 0.97382396459579, 0, 0, 0, 0, 1, },
		{ 1, 0, 0, 0, 0, 0.95254731178284, 0.30439013242722, 0, 0, -0.30439013242722, 0.95254731178284, 0, 0, 0, 0, 1, },
		{ 1, 0, 0, 0, 0, 0.93259614706039, 0.36092138290405, 0, 0, -0.36092138290405, 0.93259614706039, 0, 0, 0, 0, 1, },
		{ 1, 0, 0, 0, 0, 0.91387701034546, 0.40599089860916, 0, 0, -0.40599089860916, 0.91387701034546, 0, 0, 0, 0, 1, },
		{ 1, 0, 0, 0, 0, 0.89400011301041, 0.44806656241417, 0, 0, -0.44806656241417, 0.89400011301041, 0, 0, 0, 0, 1, },
		{ 1, 0, 0, 0, 0, 0.86893302202225, 0.4949294924736, 0, 0, -0.4949294924736, 0.86893302202225, 0, 0, 0, 0, 1, },
		{ 1, 0, 0, 0, 0, 0.83293688297272, 0.55336779356003, 0, 0, -0.55336779356003, 0.83293688297272, 0, 0, 0, 0, 1, },
		{ 1, 0, 0, 0, 0, 0.77793174982071, 0.62834864854813, 0, 0, -0.62834864854813, 0.77793174982071, 0, 0, 0, 0, 1, },
		{ 1, 0, 0, 0, 0, 0.69259518384933, 0.72132635116577, 0, 0, -0.72132635116577, 0.69259518384933, 0, 0, 0, 0, 1, },
		{ 1, 0, 0, 0, 0, 0.56702208518982, 0.82370245456696, 0, 0, -0.82370245456696, 0.56702208518982, 0, 0, 0, 0, 1, },
		{ 1, 0, 0, 0, 0, 0.4142117202282, 0.91018044948578, 0, 0, -0.91018044948578, 0.4142117202282, 0, 0, 0, 0, 1, },
		{ 1, 0, 0, 0, 0, 0.2630467414856, 0.96478295326233, 0, 0, -0.96478295326233, 0.2630467414856, 0, 0, 0, 0, 1, },
		{ 1, 0, 0, 0, 0, 0.14817234873772, 0.98896145820618, 0, 0, -0.98896145820618, 0.14817234873772, 0, 0, 0, 0, 1, },
		{ 1, 0, 0, 0, 0, 0.10304461419582, 0.99467664957047, 0, 0, -0.99467664957047, 0.10304461419582, 0, 0, 0, 0, 1, },
		{ 1, 0, 0, 0, 0, 0.11337016522884, 0.99355268478394, 0, 0, -0.99355268478394, 0.11337016522884, 0, 0, 0, 0, 1, },
		{ 1, 0, 0, 0, 0, 0.13961930572987, 0.99020516872406, 0, 0, -0.99020516872406, 0.13961930572987, 0, 0, 0, 0, 1, },
		{ 1, 0, 0, 0, 0, 0.17466935515404, 0.98462700843811, 0, 0, -0.98462700843811, 0.17466935515404, 0, 0, 0, 0, 1, },
		{ 1, 0, 0, 0, 0, 0.21100845932961, 0.97748410701752, 0, 0, -0.97748410701752, 0.21100845932961, 0, 0, 0, 0, 1, },
		{ 1, 0, 0, 0, 0, 0.23958247900009, 0.9708759188652, 0, 0, -0.9708759188652, 0.23958247900009, 0, 0, 0, 0, 1, },
		{ 1, 0, 0, 0, 0, 0.25114759802818, 0.96794867515564, 0, 0, -0.96794867515564, 0.25114759802818, 0, 0, 0, 0, 1, },
		{ 1, 0, 0, 0, 0, 0.21316339075565, 0.97701650857925, 0, 0, -0.97701650857925, 0.21316339075565, 0, 0, 0, 0, 1, },
		{ 1, 0, 0, 0, 0, 0.14180298149586, 0.98989486694336, 0, 0, -0.98989486694336, 0.14180298149586, 0, 0, 0, 0, 1, },
		{ 1, 0, 0, 0, 0, 0.10304461419582, 0.99467664957047, 0, 0, -0.99467664957047, 0.10304461419582, 0, 0, 0, 0, 1, },
		{ 1, 0, 0, 0, 0, 0.1639908105135, 0.98646181821823, 0, 0, -0.98646181821823, 0.1639908105135, 0, 0, 0, 0, 1, },
		{ 1, 0, 0, 0, 0, 0.22431690990925, 0.97451621294022, 0, 0, -0.97451621294022, 0.22431690990925, 0, 0, 0, 0, 1, },
		{ 1, 0, 0, 0, 0, 0.16399106383324, 0.98646169900894, 0, 0, -0.98646169900894, 0.16399106383324, 0, 0, 0, 0, 1, },
		{ 1, 0, 0, 0, 0, 0.10304461419582, 0.99467664957047, 0, 0, -0.99467664957047, 0.10304461419582, 0, 0, 0, 0, 1, },
		{ 1, 0, 0, 0, 0, 0.10304461419582, 0.99467664957047, 0, 0, -0.99467664957047, 0.10304461419582, 0, 0, 0, 0, 1, },
	},
}
end
