function data()
return {
	times = { 0, 2500, 2541.667, 2583.333, 2625, 2666.667, 2708.333, 2750, 2791.667, 2833.333, 2875, 2916.667, 2958.333, 3000, 3041.667, 3083.333, 3125, 3166.667, 3208.333, 3250, 3291.667, 3333.333, 3375, 3416.667, 3458.333, 5000, },
	transfs = {
		{ 1, 0, 0, 0, 0, 1, 0, 0, 0, 0, 1, 0, 0, 0, 0, 1, },
		{ 1, 0, 0, 0, 0, 1, 0, 0, 0, 0, 1, 0, 0, 0, 0, 1, },
		{ 0.99999970197678, -0.00052685663104057, -0.00044648221228272, 0, 0.00051844300469384, 0.9998260140419, -0.018639326095581, 0, 0.00045622486504726, 0.018639091402292, 0.99982607364655, 0, 0, 0, 0, 1, },
		{ 0.99999642372131, -0.0020094020292163, -0.0017280917381868, 0, 0.0018815762596205, 0.99747210741043, -0.071033671498299, 0, 0.0018664584495127, 0.071030169725418, 0.99747234582901, 0, 0, 0, 0, 1, },
		{ 0.99998360872269, -0.0043005766347051, -0.0037580677308142, 0, 0.003681309055537, 0.98843955993652, -0.15157021582127, 0, 0.004366462584585, 0.15155392885208, 0.9884392619133, 0, 0, 0, 0, 1, },
		{ 0.99995285272598, -0.0072532529011369, -0.0064496351405978, 0, 0.0053788358345628, 0.96723705530167, -0.25381779670715, 0, 0.0080793313682079, 0.25377115607262, 0.9672304391861, 0, 0, 0, 0, 1, },
		{ 0.99989527463913, -0.010720206424594, -0.0097159957513213, 0, 0.0063612516969442, 0.92890524864197, -0.37026271224022, 0, 0.012994532473385, 0.37016212940216, 0.92887616157532, 0, 0, 0, 0, 1, },
		{ 0.99980330467224, -0.014554109424353, -0.013470320962369, 0, 0.0060336720198393, 0.87029933929443, -0.49248611927032, 0, 0.018890907987952, 0.49230796098709, 0.87021601200104, 0, 0, 0, 0, 1, },
		{ 0.99967139959335, -0.01860754750669, -0.01762574724853, 0, 0.0039357449859381, 0.79098492860794, -0.61182290315628, 0, 0.02532622590661, 0.61155247688293, 0.79079830646515, 0, 0, 0, 0, 1, },
		{ 0.99949723482132, -0.02273309417069, -0.022095404565334, 0, -0.00014895654749125, 0.69360220432281, -0.72035813331604, 0, 0.031701393425465, 0.71999931335449, 0.69325017929077, 0, 0, 0, 0, 1, },
		{ 0.99928212165833, -0.026783337816596, -0.026792377233505, 0, -0.0061279819346964, 0.58363378047943, -0.81199377775192, 0, 0.03738484531641, 0.81157505512238, 0.58305060863495, 0, 0, 0, 0, 1, },
		{ 0.99903064966202, -0.030611088499427, -0.031629789620638, 0, -0.013604811392725, 0.46865883469582, -0.88327443599701, 0, 0.041861571371555, 0.88284862041473, 0.46778815984726, 0, 0, 0, 0, 1, },
		{ 0.99875193834305, -0.034069303423166, -0.036520756781101, 0, -0.021954137831926, 0.35731837153435, -0.93372446298599, 0, 0.044860884547234, 0.93336093425751, 0.35612446069717, 0, 0, 0, 0, 1, },
		{ 0.99845772981644, -0.037011295557022, -0.04137846454978, 0, -0.030441945418715, 0.25828769803047, -0.9655881524086, 0, 0.046425223350525, 0.96535867452621, 0.25676268339157, 0, 0, 0, 0, 1, },
		{ 0.99816304445267, -0.039290707558393, -0.046116154640913, 0, -0.038348976522684, 0.17953009903431, -0.98300462961197, 0, 0.046902190893888, 0.98296749591827, 0.17769354581833, 0, 0, 0, 0, 1, },
		{ 0.99788439273834, -0.040761534124613, -0.050647143274546, 0, -0.045056939125061, 0.12799097597599, -0.99075120687485, 0, 0.046866923570633, 0.99093729257584, 0.12588362395763, 0, 0, 0, 0, 1, },
		{ 0.99763906002045, -0.041278019547462, -0.054884858429432, 0, -0.05007453635335, 0.10969637334347, -0.99270296096802, 0, 0.046997483819723, 0.9931076169014, 0.10737040638924, 0, 0, 0, 0, 1, },
		{ 0.99759137630463, -0.037298530340195, -0.058481935411692, 0, -0.050953850150108, 0.1780112683773, -0.98270827531815, 0, 0.047064028680325, 0.98332118988037, 0.17568202316761, 0, 0, 0, 0, 1, },
		{ 0.99763906002045, -0.033323805779219, -0.060047850012779, 0, -0.050074514001608, 0.2454007267952, -0.96812748908997, 0, 0.046997483819723, 0.96884870529175, 0.24315267801285, 0, 0, 0, 0, 1, },
		{ 0.99765032529831, -0.037300739437342, -0.057466547936201, 0, -0.049955006688833, 0.17797395586967, -0.98276633024216, 0, 0.046885464340448, 0.98332792520523, 0.17569240927696, 0, 0, 0, 0, 1, },
		{ 0.99763906002045, -0.041278019547462, -0.054884858429432, 0, -0.05007453635335, 0.10969637334347, -0.99270296096802, 0, 0.046997483819723, 0.9931076169014, 0.10737040638924, 0, 0, 0, 0, 1, },
		{ 0.99764400720596, -0.038674883544445, -0.056661698967218, 0, -0.050021760165691, 0.15513859689236, -0.98662543296814, 0, 0.046948041766882, 0.98713535070419, 0.15283851325512, 0, 0, 0, 0, 1, },
		{ 0.99763906002045, -0.036071855574846, -0.058438360691071, 0, -0.050074525177479, 0.20025335252285, -0.97846359014511, 0, 0.046997480094433, 0.97907984256744, 0.19797429442406, 0, 0, 0, 0, 1, },
		{ 0.99764400720596, -0.038674864917994, -0.056661706417799, 0, -0.050021767616272, 0.15513859689236, -0.98662543296814, 0, 0.046948026865721, 0.98713535070419, 0.15283851325512, 0, 0, 0, 0, 1, },
		{ 0.99763906002045, -0.041278019547462, -0.054884858429432, 0, -0.05007453635335, 0.10969637334347, -0.99270296096802, 0, 0.046997483819723, 0.9931076169014, 0.10737040638924, 0, 0, 0, 0, 1, },
		{ 0.99763906002045, -0.041278019547462, -0.054884858429432, 0, -0.05007453635335, 0.10969637334347, -0.99270296096802, 0, 0.046997483819723, 0.9931076169014, 0.10737040638924, 0, 0, 0, 0, 1, },
	},
}
end
