function data()
return {
	times = { 0, 2500, 2541.667, 2583.333, 2625, 2666.667, 2708.333, 2750, 2791.667, 2833.333, 2875, 2916.667, 2958.333, 3000, 3041.667, 3083.333, 3125, 3166.667, 3208.333, 3250, 3291.667, 3333.333, 3375, 3416.667, 3458.333, 3500, 3541.667, 3583.333, 3625, 5000, },
	transfs = {
		{ 1, 0, 0, 0, 0, 1, 0, 0, 0, 0, 1, 0, 0, 0, 0, 1, },
		{ 1, 0, 0, 0, 0, 1, 0, 0, 0, 0, 1, 0, 0, 0, 0, 1, },
		{ 0.99999988079071, 6.2806102505419e-06, -1.1377934242773e-05, 0, -6.277234206209e-06, 0.99999988079071, 0.00029664410976693, 0, 1.1379796887923e-05, -0.00029664402245544, 0.99999988079071, 0, 0, 0, 0, 1, },
		{ 0.99999988079071, 5.0244892918272e-05, -9.1023488494102e-05, 0, -5.002873876947e-05, 0.99999707937241, 0.0023731507826596, 0, 9.1142472228967e-05, -0.0023731461260468, 0.99999707937241, 0, 0, 0, 0, 1, },
		{ 0.99999988079071, 0.00016957653861027, -0.0003072043764405, 0, -0.00016711061471142, 0.99996787309647, 0.0080093070864677, 0, 0.00030855272780173, -0.0080092549324036, 0.99996775388718, 0, 0, 0, 0, 1, },
		{ 0.99999958276749, 0.00040195914334618, -0.00072818802436814, 0, -0.00038806279189885, 0.99981957674026, 0.018984081223607, 0, 0.00073568755760789, -0.018983792513609, 0.99981939792633, 0, 0, 0, 0, 1, },
		{ 0.99999856948853, 0.00078507617581636, -0.0014222424943, 0, -0.00073181191692129, 0.99931228160858, 0.037072006613016, 0, 0.0014503687852994, -0.037070915102959, 0.99931144714355, 0, 0, 0, 0, 1, },
		{ 0.99999594688416, 0.0013566084671766, -0.0024576333817095, 0, -0.0011964631266892, 0.99794703722, 0.064031146466732, 0, 0.0025394535623491, -0.064027957618237, 0.99794483184814, 0, 0, 0, 0, 1, },
		{ 0.99998992681503, 0.0021542340982705, -0.0039026264566928, 0, -0.0017467060824856, 0.99482649564743, 0.10157277435064, 0, 0.0041012475267053, -0.10156495124102, 0.99482041597366, 0, 0, 0, 0, 1, },
		{ 0.99997782707214, 0.0032156170345843, -0.0058254776522517, 0, -0.0022972705774009, 0.98848575353622, 0.15129613876343, 0, 0.0062449127435684, -0.15127940475941, 0.9884712100029, 0, 0, 0, 0, 1, },
		{ 0.99994605779648, 0.0059465635567904, -0.0085070244967937, 0, -0.0035366916563362, 0.96577006578445, 0.25937530398369, 0, 0.0097582219168544, -0.25933122634888, 0.96573901176453, 0, 0, 0, 0, 1, },
		{ 0.99986505508423, 0.010929479263723, -0.012259226292372, 0, -0.0044221924617887, 0.89801818132401, 0.43993598222733, 0, 0.015817280858755, -0.43982243537903, 0.89794534444809, 0, 0, 0, 0, 1, },
		{ 0.99970811605453, 0.016966562718153, -0.017196943983436, 0, -0.002027073642239, 0.76826286315918, 0.64013111591339, 0, 0.024072600528598, -0.63990938663483, 0.76807302236557, 0, 0, 0, 0, 1, },
		{ 0.99946391582489, 0.022859741002321, -0.02343481592834, 0, 0.0055450079962611, 0.58728528022766, 0.8093609213829, 0, 0.032264705747366, -0.80905705690384, 0.58684372901917, 0, 0, 0, 0, 1, },
		{ 0.99914062023163, 0.027411308139563, -0.031087078154087, 0, 0.01772159524262, 0.39548942446709, 0.91829949617386, 0, 0.037466403096914, -0.91806125640869, 0.39466381072998, 0, 0, 0, 0, 1, },
		{ 0.9987541437149, 0.029856955632567, -0.039982788264751, 0, 0.031626209616661, 0.2410341501236, 0.97000104188919, 0, 0.038598503917456, -0.97005718946457, 0.23978962004185, 0, 0, 0, 0, 1, },
		{ 0.9983344078064, 0.030749062076211, -0.048812735825777, 0, 0.043884199112654, 0.1444620937109, 0.98853659629822, 0, 0.037448167800903, -0.98903232812881, 0.14287209510803, 0, 0, 0, 0, 1, },
		{ 0.99795430898666, 0.030866544693708, -0.055985204875469, 0, 0.052211929112673, 0.11183696240187, 0.99235391616821, 0, 0.036891754716635, -0.99324703216553, 0.10999657958746, 0, 0, 0, 0, 1, },
		{ 0.99789500236511, 0.024031342938542, -0.060232356190681, 0, 0.053278367966413, 0.22570665180683, 0.9727371931076, 0, 0.036971028894186, -0.97389882802963, 0.22395120561123, 0, 0, 0, 0, 1, },
		{ 0.99795430898666, 0.017201254144311, -0.06157274544239, 0, 0.052211917936802, 0.33648747205734, 0.94023925065994, 0, 0.036891754716635, -0.94153070449829, 0.334901034832, 0, 0, 0, 0, 1, },
		{ 0.99796867370605, 0.019336175173521, -0.060699816793203, 0, 0.052034959197044, 0.30227360129356, 0.95179975032806, 0, 0.036752123385668, -0.95302498340607, 0.30065342783928, 0, 0, 0, 0, 1, },
		{ 0.99798160791397, 0.024033425375819, -0.058779202401638, 0, 0.051862683147192, 0.22567254304886, 0.97282165288925, 0, 0.036645088344812, -0.9739066362381, 0.22397062182426, 0, 0, 0, 0, 1, },
		{ 0.99796867370605, 0.028731124475598, -0.056858360767365, 0, 0.052021104842424, 0.1476431787014, 0.98767161369324, 0, 0.036771666258574, -0.98862320184708, 0.14584867656231, 0, 0, 0, 0, 1, },
		{ 0.99795430898666, 0.030866544693708, -0.055985204875469, 0, 0.052211929112673, 0.11183696240187, 0.99235391616821, 0, 0.036891754716635, -0.99324703216553, 0.10999657958746, 0, 0, 0, 0, 1, },
		{ 0.99796319007874, 0.027049250900745, -0.057772494852543, 0, 0.05209831148386, 0.17701818048954, 0.98282760381699, 0, 0.036811538040638, -0.98383575677872, 0.17524841427803, 0, 0, 0, 0, 1, },
		{ 0.99795430898666, 0.023232283070683, -0.059559602290392, 0, 0.05221189931035, 0.24142837524414, 0.9690129160881, 0, 0.036891762167215, -0.97014045715332, 0.23972147703171, 0, 0, 0, 0, 1, },
		{ 0.99796110391617, 0.025211405009031, -0.058632966130972, 0, 0.052125971764326, 0.20814400911331, 0.97670817375183, 0, 0.03682829067111, -0.97777312994003, 0.20640549063683, 0, 0, 0, 0, 1, },
		{ 0.99796110391617, 0.028887167572975, -0.056911963969469, 0, 0.052123364061117, 0.14571316540241, 0.98795276880264, 0, 0.036831982433796, -0.98890495300293, 0.1439103782177, 0, 0, 0, 0, 1, },
		{ 0.99795430898666, 0.030866544693708, -0.055985204875469, 0, 0.052211929112673, 0.11183696240187, 0.99235391616821, 0, 0.036891754716635, -0.99324703216553, 0.10999657958746, 0, 0, 0, 0, 1, },
		{ 0.99795430898666, 0.030866544693708, -0.055985204875469, 0, 0.052211929112673, 0.11183696240187, 0.99235391616821, 0, 0.036891754716635, -0.99324703216553, 0.10999657958746, 0, 0, 0, 0, 1, },
	},
}
end
